,state0,state1,state2,action,reward,state_0,state_1,state_2,a_loss
0,0.04678143941443834,0.9989051491139253,-0.43563167560132054,-2.0,-0.234554681141924,0.04610481102988765,0.998936607798462,0.013547186234123432,0.7840934991836548
1,0.04610481102988765,0.998936607798462,0.013547186234123432,-1.9999999998681703,-0.23286527153922973,0.022981654912266662,0.9997358868908796,0.4627496421027444,0.9327688217163086
2,0.022981654912266662,0.9997358868908796,0.4627496421027444,-2.0,-0.242113771772549,-0.022641964439498466,0.9997436378623874,0.912551557270904,0.7505443096160889
3,-0.022641964439498466,0.9997436378623874,0.912551557270904,-1.9999924895953578,-0.2626326759154386,-0.09063735943910498,0.9958839636593746,1.3623604122283908,0.21011574566364288
4,-0.09063735943910498,0.9958839636593746,1.3623604122283908,-1.9999469518585342,-0.29503781849048216,-0.1802356183595414,0.9836234654960981,1.8092813421941416,0.45420053601264954
5,-0.1802356183595414,0.9836234654960981,1.8092813421941416,-1.9991645809905496,-0.340092874530196,-0.28938300420298674,0.9572133915060185,2.2471242541676326,1.0216805934906006
6,-0.28938300420298674,0.9572133915060185,2.2471242541676326,-1.9935482742431483,-0.39848382669451915,-0.41403490100213713,0.9102610069382026,2.666002056660674,0.5146812200546265
7,-0.41403490100213713,0.9102610069382026,2.666002056660674,-1.9895821809979006,-0.47054350407989787,-0.5475180502422802,0.8367938722641867,3.050260484714641,0.6293771862983704
8,-0.5475180502422802,0.8367938722641867,3.050260484714641,-1.9689837692327796,-0.555760994752367,-0.6805556588729791,0.7326963867632795,3.3825083235278646,0.21095097064971924
9,-0.6805556588729791,0.7326963867632795,3.3825083235278646,-1.8659583328760594,-0.6526849727358023,-0.8022935405648723,0.5969297067225601,3.652136863668915,0.4089195132255554
10,-0.8022935405648723,0.5969297067225601,3.652136863668915,-0.7456004022231667,-0.7593989554190533,-0.9046370373078881,0.42618286067227834,3.98799408337736,0.5426029562950134
11,-0.9046370373078881,0.42618286067227834,3.98799408337736,1.5544912814522123,-0.888997540947145,-0.9773527445822308,0.21161666441370053,4.540804921099401,0.10952054709196091
12,-0.9773527445822308,0.21161666441370053,4.540804921099401,1.5792468783402507,-1.0639699870096653,-0.9994358608871305,-0.03358511534594161,4.936404451160714,0.7483470439910889
13,-0.9994358608871305,-0.03358511534594161,4.936404451160714,1.6671085358804016,-1.2099259732763674,-0.9577691609133868,-0.28753823120285565,5.1612818950333175,0.38347160816192627
14,-0.9577691609133868,-0.28753823120285565,5.1612818950333175,1.8892799618078684,-1.0789594083820586,-0.8508966633228373,-0.5253331022751774,5.229020215902356,0.8082291483879089
15,-0.8508966633228373,-0.5253331022751774,5.229020215902356,1.9205578566499866,-0.9438214155548795,-0.6900329563412502,-0.72377794879573,5.123104067693471,1.133013129234314
16,-0.6900329563412502,-0.72377794879573,5.123104067693471,1.9668812751791798,-0.8068255635392448,-0.49494318553362365,-0.8689253380433954,4.875302797373551,0.6743943691253662
17,-0.49494318553362365,-0.8689253380433954,4.875302797373551,1.9877475501407442,-0.6742915862818902,-0.2875625318823188,-0.9577618651091879,4.521770926362116,0.5061371922492981
18,-0.2875625318823188,-0.9577618651091879,4.521770926362116,1.995819211055557,-0.5517445943266706,-0.08643180133718428,-0.996257769715052,4.102822409188558,1.3833789825439453
19,-0.08643180133718428,-0.996257769715052,4.102822409188558,1.9970536234700151,-0.44340663625049725,0.09607117596897446,-0.9953744667952551,3.6551871254227715,0.7081600427627563
20,0.09607117596897446,-0.9953744667952551,3.6551871254227715,1.9966901543723765,-0.3514402653660239,0.25382001098889406,-0.9672514678311932,3.2081597984821864,0.8864550590515137
21,0.25382001098889406,-0.9672514678311932,3.2081597984821864,1.9960858823837302,-0.27602528165195717,0.3854858149053536,-0.9227137619580383,2.782134079966351,0.6148139238357544
22,0.3854858149053536,-0.9227137619580383,2.782134079966351,1.9956730602538135,-0.21587805491023007,0.4927147777794418,-0.8701908685787016,2.3894497175358937,1.0018327236175537
23,0.4927147777794418,-0.8701908685787016,2.3894497175358937,1.9981026648458606,-0.16892087489946245,0.578617711374686,-0.8155988867596133,2.0365219658287463,0.34794050455093384
24,0.578617711374686,-0.8155988867596133,2.0365219658287463,1.998405218339202,-0.13284005543710556,0.6467091970147831,-0.7627366613035553,1.7245835835099166,0.8293808698654175
25,0.6467091970147831,-0.7627366613035553,1.7245835835099166,1.9985998866735744,-0.10540290032045922,0.7003431301754266,-0.71380634629855,1.4523210705332859,1.07509183883667
26,0.7003431301754266,-0.71380634629855,1.4523210705332859,1.9987397192516676,-0.0846813615743843,0.7424477981233554,-0.6699039237545794,1.2167772686971239,0.8616307973861694
27,0.7424477981233554,-0.6699039237545794,1.2167772686971239,1.999471187650219,-0.06909251062608504,0.7754518794381594,-0.6314066698062559,1.0142700040287225,0.38624510169029236
28,0.7754518794381594,-0.6314066698062559,1.0142700040287225,1.9998764992775349,-0.057386278920868186,0.8013001499028696,-0.5982625425059125,0.8406964765656612,1.0598666667938232
29,0.8013001499028696,-0.5982625425059125,0.8406964765656612,1.9999786616274347,-0.048598248839110444,0.8215162060279236,-0.5701851657430997,0.6919963689303413,0.5824773907661438
30,0.8215162060279236,-0.5701851657430997,0.6919963689303413,1.9999935628169945,-0.042000866045424315,0.8372764142973059,-0.5467798515503713,0.5643565290455655,0.7423343062400818
31,0.8372764142973059,-0.5467798515503713,0.5643565290455655,1.9999980926303003,-0.03705275827741243,0.8494786988962809,-0.5276229147046986,0.45427135427733256,0.9149916768074036
32,0.8494786988962809,-0.5276229147046986,0.45427135427733256,1.9999994041160922,-0.03335497044697452,0.8588007509565091,-0.5123097404466717,0.3585540788662218,0.41392213106155396
33,0.8588007509565091,-0.5123097404466717,0.3585540788662218,2.0,-0.030616253592323745,0.8657466341655408,-0.5004825325933336,0.27432177353121745,0.525458812713623
34,0.8657466341655408,-0.5004825325933336,0.27432177353121745,2.0,-0.028626480401841993,0.8706825112237578,-0.49184546826121195,0.19895987408621713,1.1259033679962158
35,0.8706825112237578,-0.49184546826121195,0.19895987408621713,2.0,-0.02723684241136819,0.8738629330925939,-0.4861723708385832,0.13007577289030747,0.2800098657608032
36,0.8738629330925939,-0.4861723708385832,0.13007577289030747,2.0,-0.02634555899182302,0.875449165423698,-0.4833102096572663,0.0654464947613694,0.9863831400871277
37,0.875449165423698,-0.4833102096572663,0.0654464947613694,1.99999999996452,-0.025887990528301447,0.8755207784571323,-0.4831804698969291,0.002963837513098158,0.5250837802886963
38,0.8755207784571323,-0.4831804698969291,0.002963837513098158,1.9999999999342553,-0.02583029758790395,0.8740813505585789,-0.485779572034159,-0.05942151491946045,0.5090042352676392
39,0.8740813505585789,-0.485779572034159,-0.05942151491946045,1.9999999996193174,-0.026166054679847128,0.8710587244006487,-0.4911788866039691,-0.1237561940021828,1.09036386013031
40,0.8710587244006487,-0.4911788866039691,-0.1237561940021828,1.9999999997111502,-0.026915489632429075,0.8662998358227635,-0.49952436822787033,-0.19214035899848714,0.6735171675682068
41,0.8662998358227635,-0.49952436822787033,-0.19214035899848714,2.0,-0.02812727284910784,0.8595597162281257,-0.5110353160377705,-0.2667836351693905,0.421671062707901
42,0.8595597162281257,-0.5110353160377705,-0.2667836351693905,1.9999999996887239,-0.02988303300131826,0.8504838567249557,-0.5260011496662769,-0.3500601222444093,0.6051341891288757
43,0.8504838567249557,-0.5260011496662769,-0.3500601222444093,1.9999999998057478,-0.03230503773697575,0.8385827425549399,-0.5447742503909627,-0.4445609845232549,0.28275537490844727
44,0.8385827425549399,-0.5447742503909627,-0.4445609845232549,1.9999999999769087,-0.035567757161235204,0.8231970947851426,-0.5677557072696856,-0.5531416723199407,0.571533203125
45,0.8231970947851426,-0.5677557072696856,-0.5531416723199407,2.0,-0.03991432017563841,0.8034523639533742,-0.5953690442555228,-0.678958452772205,0.2447250336408615
46,0.8034523639533742,-0.5953690442555228,-0.678958452772205,1.9999999997742373,-0.04567914981098564,0.7782016532389512,-0.6280144798459373,-0.8254852359977116,0.9171136617660522
47,0.7782016532389512,-0.6280144798459373,-0.8254852359977116,2.0,-0.05331824406620297,0.7459581520160335,-0.6659928193613083,-0.9964960958821641,0.8221572041511536
48,0.7459581520160335,-0.6659928193613083,-0.9964960958821641,2.0,-0.06344848120174616,0.7048224527822746,-0.7093837537285289,-1.195990710403146,0.7322885990142822
49,0.7048224527822746,-0.7093837537285289,-1.195990710403146,2.0,-0.07689663960958504,0.6524185809298007,-0.7578588227747601,-1.4280285256995429,0.879112958908081
50,0.6524185809298007,-0.7578588227747601,-1.4280285256995429,2.0,-0.09475694136622116,0.5858676446403794,-0.8104067515535234,-1.6964226427806128,0.4345392882823944
51,0.5858676446403794,-0.8104067515535234,-1.6964226427806128,1.9999999998293878,-0.11845190445129805,0.5018522446041925,-0.8649533655554695,-2.0042277064713474,0.834269642829895
52,0.5018522446041925,-0.8649533655554695,-2.0042277064713474,1.9999999996546183,-0.1497837921932137,0.396858508121308,-0.9178797985203344,-2.352942730689757,0.9538329839706421
53,0.396858508121308,-0.9178797985203344,-2.352942730689757,2.0,-0.19095158806784135,0.2677183153414479,-0.9634972255438711,-2.7413525795800076,0.3804110586643219
54,0.2677183153414479,-0.9634972255438711,-2.7413525795800076,1.9999999999009341,-0.244490918165695,0.11258612960138259,-0.9936419694343535,-3.163975498752771,0.7840673923492432
55,0.11258612960138259,-0.9936419694343535,-3.163975498752771,2.0,-0.31307534742464227,-0.06758344782851039,-0.9977136250345642,-3.609206975828536,0.3568957448005676
56,-0.06758344782851039,-0.9977136250345642,-3.609206975828536,2.0,-0.39910947186622747,-0.2672225510003124,-0.9636348417512131,-4.0574921946044595,1.3566796779632568
57,-0.2672225510003124,-0.9636348417512131,-4.0574921946044595,2.0,-0.5040731850230245,-0.47460967636263135,-0.880196373034426,-4.480218325917869,0.5661341547966003
58,-0.47460967636263135,-0.880196373034426,-4.480218325917869,1.9999999999254994,-0.6276769335657918,-0.6717278965754578,-0.7407979704091467,-4.840365605704864,0.9323967099189758
59,-0.6717278965754578,-0.7407979704091467,-4.840365605704864,1.999992012971864,-0.7670709313505442,-0.8367588691452694,-0.5475715431856644,-5.095965281565944,0.497535765171051
60,-0.8367588691452694,-0.5475715431856644,-5.095965281565944,-1.9778547289518025,-0.9165325679714575,-0.9584457623020023,-0.2852748161428445,-5.803322148297964,0.6692250370979309
61,-0.9584457623020023,-0.2852748161428445,-5.803322148297964,-1.9524383545294974,-1.150727928665311,-0.999656431369245,0.02621105152614136,-6.310144013584521,0.22620438039302826
62,-0.999656431369245,0.02621105152614136,-6.310144013584521,-1.369119763308237,-1.3689250056771831,-0.9390270285553098,0.34384333589962923,-6.495853689436151,0.6319893002510071
63,-0.9390270285553098,0.34384333589962923,-6.495853689436151,-0.5664919020095558,-1.2007302179839447,-0.7855858234073567,0.6187527083265053,-6.322944972812863,0.3719208240509033
64,-0.7855858234073567,0.6187527083265053,-6.322944972812863,0.6200586555160005,-1.0121194501282476,-0.5772433433153573,0.8165721784374659,-5.765871643240584,0.37336060404777527
65,-0.5772433433153573,0.8165721784374659,-5.765871643240584,-1.2641035321934333,-0.8105355869343969,-0.3412024865395237,0.9399898207849094,-5.3430580392415,0.7565590739250183
66,-0.3412024865395237,0.9399898207849094,-5.3430580392415,-0.7758712172254021,-0.653795989428587,-0.11024896453654691,0.9939040023154244,-4.754446356236628,0.029708081856369972
67,-0.11024896453654691,0.9939040023154244,-4.754446356236628,-1.1721712350171547,-0.5088518359248593,0.09860815676959636,0.995126339425554,-4.184844039752633,0.48777154088020325
68,0.09860815676959636,0.995126339425554,-4.184844039752633,-1.226105094022422,-0.3919660737602594,0.2762493699132821,0.9610859928344158,-3.6224150492868312,1.0992100238800049
69,0.2762493699132821,0.9610859928344158,-3.6224150492868312,-1.8140422107142022,-0.29819204793537224,0.4246495452890314,0.9053578097557997,-3.1737068862681497,0.4978942275047302
70,0.4246495452890314,0.9053578097557997,-3.1737068862681497,-1.8459517954520501,-0.22925747527048665,0.5456410017659733,0.8380190315212567,-2.7715812982691075,0.49116992950439453
71,0.5456410017659733,0.8380190315212567,-2.7715812982691075,-1.9016286136115719,-0.17591079007847593,0.643122838612391,0.7657630276104617,-2.428311316669901,0.3335174322128296
72,0.643122838612391,0.7657630276104617,-2.428311316669901,-1.910676002468167,-0.13541000945601195,0.7212456275681483,0.6926793953293457,-2.1405904463322796,0.39422303438186646
73,0.7212456275681483,0.6926793953293457,-2.1405904463322796,-1.8797410725775177,-0.10472732532680547,0.7837935282182037,0.6210215013373208,-1.903042060721898,0.3689756691455841
74,0.7837935282182037,0.6210215013373208,-1.903042060721898,-1.8445862530717239,-0.08145201243489791,0.8340724301281367,0.551654947680291,-1.713963872679666,0.6095738410949707
75,0.8340724301281367,0.551654947680291,-1.713963872679666,-1.876906514493426,-0.0638751546122526,0.8750490496986335,0.48403425562817187,-1.5817586390934617,1.541494607925415
76,0.8750490496986335,0.48403425562817187,-1.5817586390934617,-1.901944637447254,-0.05091002760429336,0.9089415895540435,0.41692347832542215,-1.504024642989421,0.5261781215667725
77,0.9089415895540435,0.41692347832542215,-1.504024642989421,-1.8892327546975838,-0.04147280553534854,0.9371861185566192,0.34882972806912355,-1.4747169474499922,0.4553046226501465
78,0.9371861185566192,0.34882972806912355,-1.4747169474499922,-1.7249252800631532,-0.034741981714469836,0.9602972862928615,0.27897871233942917,-1.4718334434076226,0.770433783531189
79,0.9602972862928615,0.27897871233942917,-1.4718334434076226,-0.6462309954562218,-0.029698348058278357,0.9770289057006555,0.21310682163032593,-1.3595340584714841,0.6423332691192627
80,0.9770289057006555,0.21310682163032593,-1.3595340584714841,0.39711502209651045,-0.02311101504044489,0.9875837378495779,0.15709347769737672,-1.1401366889342632,0.3982471525669098
81,0.9875837378495779,0.15709347769737672,-1.1401366889342632,0.2691169080122404,-0.015494767383909083,0.9941034532636887,0.10843580685921553,-0.9819490444593946,1.232837438583374
82,0.9941034532636887,0.10843580685921553,-0.9819490444593946,1.28854334353236,-0.010988743802521414,0.9973160457486723,0.07321683475972124,-0.7073406877851289,1.2857614755630493
83,0.9973160457486723,0.07321683475972124,-0.7073406877851289,0.5869892238941379,-0.005574795263480781,0.9989848156855805,0.045048174542889695,-0.5643796781312176,0.7938327789306641
84,0.9989848156855805,0.045048174542889695,-0.5643796781312176,0.6407484413196032,-0.003429371292873637,0.9997276494832273,0.023337241883762662,-0.43448128102610983,0.7958993911743164
85,0.9997276494832273,0.023337241883762662,-0.43448128102610983,-0.2577853203901659,-0.001948857738789336,0.9999998448457769,0.0005570533388229864,-0.45564614767181266,0.7428491115570068
86,0.9999998448457769,0.0005570533388229864,-0.45564614767181266,1.5818815232236054,-0.002326400065078696,0.9999465400593354,-0.010340068827812724,-0.21794612918415474,0.5631588101387024
87,0.9999465400593354,-0.010340068827812724,-0.21794612918415474,0.18524189287433587,-0.0004891286915509122,0.9997952591806306,-0.02023461687148421,-0.19791489687386402,0.6526429057121277
88,0.9997952591806306,-0.02023461687148421,-0.19791489687386402,0.21863932874095965,-0.00043743294089676997,0.9995722274325065,-0.029246574938228492,-0.1802949602163333,0.5661841630935669
89,0.9995722274325065,-0.029246574938228492,-0.1802949602163333,0.24739809309357708,-0.0004167439222809648,0.9992967041244571,-0.03749796162456271,-0.16512017745596802,0.7841765880584717
90,0.9992967041244571,-0.03749796162456271,-0.16512017745596802,0.27069279570030047,-0.0004206498546996917,0.9989814199821353,-0.04512341443725928,-0.1526397293193452,0.5251300930976868
91,0.9989814199821353,-0.04512341443725928,-0.1526397293193452,0.2929382918542899,-0.0004453207504283474,0.9986344530025181,-0.05224202595958085,-0.14254154636914623,1.085162878036499
92,0.9986344530025181,-0.05224202595958085,-0.14254154636914623,0.3170884849143165,-0.0004864070145669904,0.9982615489054262,-0.058939629935548854,-0.1341597931016846,0.6654617786407471
93,0.9982615489054262,-0.058939629935548854,-0.1341597931016846,0.35500952563974286,-0.000540382683230124,0.9978733128323675,-0.06518321514742954,-0.12511308670738497,0.909084677696228
94,0.9978733128323675,-0.06518321514742954,-0.12511308670738497,0.3890457451679969,-0.0005971567828649216,0.9974797325159542,-0.07095197826629217,-0.1156436362927578,0.4331822693347931
95,0.9974797325159542,-0.07095197826629217,-0.1156436362927578,0.41948121790118154,-0.0006555963195257931,0.9970899253216514,-0.07623438084003613,-0.10593543730729962,0.4139879643917084
96,0.9970899253216514,-0.07623438084003613,-0.10593543730729962,0.4483802318490391,-0.0007146250914271989,0.9967131058986295,-0.0810122492584141,-0.09585418815997108,1.0931396484375
97,0.9967131058986295,-0.0810122492584141,-0.09585418815997108,0.47610494497961064,-0.0007722871044263813,0.9963589608876078,-0.08525738125796785,-0.08519763335684005,0.42844194173812866
98,0.9963589608876078,-0.08525738125796785,-0.08519763335684005,0.5034424069600858,-0.0008265819505825691,0.9960383598151724,-0.08892460726200112,-0.07362430825630313,0.7399325370788574
99,0.9960383598151724,-0.08892460726200112,-0.07362430825630313,0.5280941126291178,-0.0008749454702887901,0.9957620307713873,-0.09196726631820108,-0.061103646808436565,0.9830963611602783
100,0.9957620307713873,-0.09196726631820108,-0.061103646808436565,0.5521111489806056,-0.0009160124312834654,0.9955419208395007,-0.09432011371493061,-0.04726242419999667,0.42331039905548096
101,0.9955419208395007,-0.09432011371493061,-0.04726242419999667,0.5731817485799552,-0.0009474702022330243,0.9953896133512127,-0.0959141159189998,-0.03202524719920139,0.8463674187660217
102,0.9953896133512127,-0.0959141159189998,-0.03202524719920139,0.5883889793279177,-0.0009676630479829513,0.9953140020607368,-0.09669559091209694,-0.01570248723926353,0.4507933259010315
103,0.9953140020607368,-0.09669559091209694,-0.01570248723926353,0.5993159412475675,-0.0009763160972346696,0.9953220881827597,-0.09661232206872333,0.0016732107637987478,1.0790234804153442
104,0.9953220881827597,-0.09661232206872333,0.0016732107637987478,0.6050229664413806,-0.0009729459787063448,0.9954180470385561,-0.09561857366613924,0.019967414178463237,0.4641132354736328
105,0.9954180470385561,-0.09561857366613924,0.019967414178463237,0.6041977407891933,-0.0009575837256675108,0.995602063251096,-0.0936831449630109,0.03888314504723771,0.8131587505340576
106,0.995602063251096,-0.0936831449630109,0.03888314504723771,0.5965240001288691,-0.0009309359131932966,0.995870008666331,-0.09079056029633156,0.05809938634430969,1.1262460947036743
107,0.995870008666331,-0.09079056029633156,0.05809938634430969,0.5817642211684501,-0.0008941678025263048,0.9962133494187265,-0.08694229373511053,0.07727109929732859,0.28328797221183777
108,0.9962133494187265,-0.08694229373511053,0.07727109929732859,0.5602098701313868,-0.0008489002946179038,0.9966195882473675,-0.08215470967417332,0.09609585951570346,0.6895744800567627
109,0.9966195882473675,-0.08215470967417332,0.09609585951570346,0.5336927770101165,-0.0007972905405697185,0.9970737180011612,-0.07644606511352171,0.11453374381159095,1.0451693534851074
110,0.9970737180011612,-0.07644606511352171,0.11453374381159095,0.492228835367388,-0.000740950767612609,0.9975531649210106,-0.06991196718784894,0.13103352028155762,1.178444504737854
111,0.9975531649210106,-0.06991196718784894,0.13103352028155762,0.4457466601691246,-0.0006811335557246251,0.998035251578705,-0.06265490089554819,0.1454615439160395,1.2282588481903076
112,0.998035251578705,-0.06265490089554819,0.1454615439160395,0.3908475040188224,-0.0006199452109878843,0.9984966041549385,-0.05481360680575641,0.15709749384720148,0.25510773062705994
113,0.9984966041549385,-0.05481360680575641,0.15709749384720148,0.3366250394477445,-0.0005588824066490493,0.9989182775739135,-0.04650026589994848,0.16648104466004582,0.9444231390953064
114,0.9989182775739135,-0.04650026589994848,0.16648104466004582,0.29948198795862296,-0.0005025118290080494,0.9992897921820979,-0.03768170963026554,0.17652814342887793,0.7732201814651489
115,0.9992897921820979,-0.03768170963026554,0.17652814342887793,0.24877665963205703,-0.00045986921679909925,0.9995964214835957,-0.028407642584163142,0.18558336015098717,0.3948890268802643
116,0.9995964214835957,-0.028407642584163142,0.18558336015098717,0.19048739965733186,-0.0004287615136446442,0.9998238688440149,-0.018767825920607877,0.19285073816146453,1.0055972337722778
117,0.9998238688440149,-0.018767825920607877,0.19285073816146453,0.12816265254988954,-0.0004087839039634904,0.9999606709918419,-0.008868848264862216,0.19799926660349185,0.020425021648406982
118,0.9999606709918419,-0.008868848264862216,0.19799926660349185,0.05999854547128211,-0.00040026293149224697,0.9999993405818137,0.001148405824490328,0.2003474122255373,1.3386666774749756
119,0.9999993405818137,0.001148405824490328,0.2003474122255373,-0.010787148628144174,-0.0004015343757639964,0.9999380851336048,0.011127708629348955,0.19959064429968348,0.28859665989875793
120,0.9999380851336048,0.011127708629348955,0.19959064429968348,-0.08157459639574917,-0.0004114127954601768,0.9997813322286306,0.020911425755897578,0.19570023631233277,0.5844783186912537
121,0.9997813322286306,0.020911425755897578,0.19570023631233277,-0.14310647542143684,-0.00042876891947773554,0.9995376867961242,0.030404155542509873,0.1899178343160402,0.21856075525283813
122,0.9995376867961242,0.030404155542509873,0.1899178343160402,-0.22332540187051808,-0.00045814502752858106,0.9992251036615359,0.03935977912276268,0.1792221406923449,0.9424553513526917
123,0.9992251036615359,0.03935977912276268,0.1792221406923449,-0.29480910286629197,-0.000484896285164406,0.9988675251898611,0.04757801089875545,0.1645206096044729,0.41782820224761963
124,0.9988675251898611,0.04757801089875545,0.1645206096044729,-0.34592402011428147,-0.0005091743775313377,0.9984872349653284,0.05498401232442859,0.14831551476139712,0.5443554520606995
125,0.9984872349653284,0.05498401232442859,0.14831551476139712,-0.3828618825702279,-0.0005372625609586197,0.9981022136311903,0.06157898297729306,0.13212424161918415,0.8948564529418945
126,0.9981022136311903,0.06157898297729306,0.13212424161918415,-0.41175895914497596,-0.0005712000839365146,0.9977264346115526,0.06739407746470889,0.1165446349804076,0.48140057921409607
127,0.9977264346115526,0.06739407746470889,0.1165446349804076,-0.4358209369734341,-0.0006097059938874268,0.9973707762265206,0.07246747359545305,0.1017170525329239,0.492096871137619
128,0.9973707762265206,0.07246747359545305,0.1017170525329239,-0.4548401239024993,-0.0006502268852372061,0.99704287434943,0.07684729474110885,0.08784163914413871,0.46530789136886597
129,0.99704287434943,0.07684729474110885,0.08784163914413871,-0.46910443907373733,-0.0006908842797441691,0.9967472381638365,0.0805912105180473,0.0751114443389097,0.7109364867210388
130,0.9967472381638365,0.0805912105180473,0.0751114443389097,-0.4800190330276087,-0.0007303644733694582,0.9964861198308234,0.08375806220603509,0.06355199727330371,0.35402974486351013
131,0.9964861198308234,0.08375806220603509,0.06355199727330371,-0.486575603286001,-0.0007672521437417992,0.9962590024029703,0.08641759156004288,0.05338420343492986,0.3479645848274231
132,0.9962590024029703,0.08641759156004288,0.05338420343492986,-0.4897603393254582,-0.0008011517382106207,0.9960632231802702,0.08864567348568837,0.0447333462061431,0.3156203627586365
133,0.9960632231802702,0.08864567348568837,0.0447333462061431,-0.4898485243599319,-0.0008318783943383401,0.9958941740582058,0.09052510191612069,0.03774032266641956,0.49196404218673706
134,0.9958941740582058,0.09052510191612069,0.03774032266641956,-0.48881900308295106,-0.0008598654526343457,0.9957466252751627,0.09213391478236907,0.0323112986410673,0.9559187293052673
135,0.9957466252751627,0.09213391478236907,0.0323112986410673,-0.4877923727069458,-0.0008855130098627264,0.9956155261347203,0.09353996001433937,0.028242878821802053,0.5831809043884277
136,0.9956155261347203,0.09353996001433937,0.028242878821802053,-0.4854053558361065,-0.0009090747483419016,0.9954950408240368,0.09481362610273546,0.02558704545714061,0.8467023372650146
137,0.9954950408240368,0.09481362610273546,0.02558704545714061,-0.48140412547472394,-0.0009313910997794537,0.995378211348844,0.09603237147949725,0.02448664621298354,0.8391908407211304
138,0.995378211348844,0.09603237147949725,0.02448664621298354,-0.4780221579912063,-0.0009539171168907242,0.9952583290252217,0.09726694456969198,0.02480760112392558,0.39775800704956055
139,0.9952583290252217,0.09726694456969198,0.02480760112392558,-0.47523140935709757,-0.0009778232521390636,0.9951287093171336,0.09858423754746878,0.026473098147629756,1.0741831064224243
140,0.9951287093171336,0.09858423754746878,0.026473098147629756,-0.473150402311402,-0.0010044455276862927,0.9949825216809153,0.10004889579344184,0.029438715961520808,0.7872332334518433
141,0.9949825216809153,0.10004889579344184,0.029438715961520808,-0.4729941485263604,-0.0010353746844865021,0.9948134105040056,0.10171665685318619,0.03352626552764812,1.1567387580871582
142,0.9948134105040056,0.10171665685318619,0.03352626552764812,-0.47456151250540574,-0.0010719767995449833,0.994615091661487,0.10363792471490303,0.03862953129172689,0.7514949440956116
143,0.994615091661487,0.10363792471490303,0.03862953129172689,-0.47885763648963164,-0.0011158025031615464,0.9943818802594251,0.10585214316078027,0.044529329354459427,0.5399744510650635
144,0.9943818802594251,0.10585214316078027,0.044529329354459427,-0.48607760652719717,-0.0011681333918651534,0.9941086877758147,0.10838780784132371,0.05100679574596506,0.8203310966491699
145,0.9941086877758147,0.10838780784132371,0.05100679574596506,-0.4925482868314748,-0.0012296984980906403,0.993787872003959,0.11129090465012259,0.05841540860223653,0.6529031991958618
146,0.993787872003959,0.11129090465012259,0.05841540860223653,-0.49495467557863293,-0.0013023356982506808,0.9934058012409316,0.11465127151873493,0.06764038575303337,0.4078153967857361
147,0.9934058012409316,0.11465127151873493,0.06764038575303337,-0.49890714881008746,-0.0013909348067532676,0.9929464086710377,0.1185640312543762,0.07879276707057131,0.4158160090446472
148,0.9929464086710377,0.1185640312543762,0.07879276707057131,-0.5041671987005752,-0.0014998812885405966,0.9923899522241154,0.1231348152417421,0.09209071070626709,1.1225457191467285
149,0.9923899522241154,0.1231348152417421,0.09209071070626709,-0.511300503982183,-0.0016348937203839043,0.9917121854144113,0.12847934192146368,0.10774674654024623,0.17811070382595062
150,0.9917121854144113,0.12847934192146368,0.10774674654024623,-0.5204672815136007,-0.0018030398195357403,0.9908828468627165,0.13472632925021827,0.12603616075430393,0.5741159915924072
151,0.9908828468627165,0.13472632925021827,0.12603616075430393,-0.5321709515116958,-0.002013379863338689,0.9898640398612344,0.14201824738249888,0.14725526496521324,0.6555298566818237
152,0.9898640398612344,0.14201824738249888,0.14725526496521324,-0.5533163545571905,-0.0022780829334400634,0.9886153372399477,0.15046499584270293,0.17077149731850877,0.27644485235214233
153,0.9886153372399477,0.15046499584270293,0.17077149731850877,-0.609139144130703,-0.0026100001605951287,0.9871233460050555,0.1599609320171136,0.1922493725809303,0.8356726169586182
154,0.9871233460050555,0.1599609320171136,0.1922493725809303,-0.8074975014599224,-0.0030156802308346094,0.9855499202593211,0.16938522567463166,0.19109544637477718,0.8540844917297363
155,0.9855499202593211,0.16938522567463166,0.19109544637477718,-0.991259217445212,-0.0033604372333334563,0.984079488464619,0.17772889574634135,0.16944548301396917,0.6418010592460632
156,0.984079488464619,0.17772889574634135,0.16944548301396917,-1.1178737878098073,-0.0036046690145501554,0.9828568459288363,0.18437033495337551,0.13506108665225405,0.26948606967926025
157,0.9828568459288363,0.18437033495337551,0.13506108665225405,-1.2742856738570327,-0.0037832674730397856,0.9820908225452609,0.18840811095165955,0.08219598678873058,0.596969485282898
158,0.9820908225452609,0.18840811095165955,0.08219598678873058,-1.4374718665129598,-0.0038667724730486693,0.9820165013460189,0.18879510344318887,0.007881290025531076,0.8053007125854492
159,0.9820165013460189,0.18879510344318887,0.007881290025531076,-1.6224895713799177,-0.0038714003248218193,0.982892029301297,0.1841826776219149,-0.09389581809906497,0.8823835849761963
160,0.982892029301297,0.1841826776219149,-0.09389581809906497,-1.7472214700427513,-0.0038248375163092347,0.9848398225223356,0.17346620412684016,-0.21784203038904154,0.25850000977516174
161,0.9848398225223356,0.17346620412684016,-0.21784203038904154,-1.8225234748165644,-0.0038464383350071073,0.9878112311595687,0.15565658224121842,-0.36112089851639617,1.0151488780975342
162,0.9878112311595687,0.15565658224121842,-0.36112089851639617,-1.8512940405240603,-0.004089534126520662,0.9915374434236771,0.12982102406327864,-0.5220725679140916,0.4362618327140808
163,0.9915374434236771,0.12982102406327864,-0.5220725679140916,-0.19342134875119463,-0.004424242722653756,0.9942271718653246,0.10729552984480899,-0.4537200021793119,0.5639529228210449
164,0.9942271718653246,0.10729552984480899,-0.4537200021793119,0.4659659563464809,-0.0032360090226950786,0.9957401700668478,0.09220365348100387,-0.303353461343733,0.7483003735542297
165,0.9957401700668478,0.09220365348100387,-0.303353461343733,-0.4425540865719842,-0.001792390183427872,0.9970134091970921,0.07722863381668578,-0.30058383421877777,0.7437072396278381
166,0.9970134091970921,0.07722863381668578,-0.30058383421877777,0.8330078719899666,-0.001570512347175768,0.9974506721217617,0.0713593489589544,-0.11771117805776848,0.8275476694107056
167,0.9974506721217617,0.0713593489589544,-0.11771117805776848,-0.20955218366107534,-0.0006530327849614802,0.9977804550091467,0.06658951570435238,-0.09562449388771413,0.5527896881103516
168,0.9977804550091467,0.06658951570435238,-0.09562449388771413,-0.1506700366009721,-0.0005377838924053251,0.998001985459961,0.06318256894093385,-0.0682828625995958,0.92757248878479
169,0.998001985459961,0.06318256894093385,-0.0682828625995958,-0.15054716185132383,-0.00044862798573175333,0.9981369797709007,0.06101286433060452,-0.04347801017159405,1.4148578643798828
170,0.9981369797709007,0.06101286433060452,-0.04347801017159405,-0.1635479629366422,-0.0003942979654474813,0.998204240559672,0.05990237164493939,-0.022250556364137027,0.7822738885879517
171,0.998204240559672,0.05990237164493939,-0.022250556364137027,-0.18832737180687067,-0.0003677570237843607,0.9982208932545156,0.0596242255308773,-0.005572883401463186,0.03219646215438843
172,0.9982208932545156,0.0596242255308773,-0.005572883401463186,-0.21912863884859907,-0.00036103921287203506,0.9982021340554365,0.059937463803304315,0.0062759899194049056,1.016098976135254
173,0.9982021340554365,0.059937463803304315,0.0062759899194049056,-0.2530621289769021,-0.00036647890927048036,0.9981621465324115,0.06059974612000089,0.013269768425347694,1.1332285404205322
174,0.9981621465324115,0.06059974612000089,0.013269768425347694,-0.2823909223222935,-0.00037741866975067676,0.9981122391129671,0.061416269285093965,0.016360939667004127,0.7499844431877136
175,0.9981122391129671,0.061416269285093965,0.016360939667004127,-0.29936936523424573,-0.0003893100304319666,0.9980580625529446,0.06229047899207749,0.01751773684568761,0.6757797002792358
176,0.9980580625529446,0.06229047899207749,0.01751773684568761,-0.31722882386519036,-0.0004016453822935424,0.9980058558638758,0.06312140414639643,0.016651272509966935,0.4722566604614258
177,0.9980058558638758,0.06312140414639643,0.016651272509966935,-0.3347646597423652,-0.00041294083795613773,0.9979621359047228,0.0638088967189024,0.013777626658409469,1.3498005867004395
178,0.9979621359047228,0.0638088967189024,0.013777626658409469,-0.349603474324552,-0.0004218318128900332,0.9979326982224298,0.06426764207982862,0.009193778048903267,0.6511149406433105
179,0.9979326982224298,0.06426764207982862,0.009193778048903267,-0.36232551914852784,-0.00042757612571925774,0.9979228997120304,0.06441961060370506,0.0030456817364952968,0.44833818078041077
180,0.9979228997120304,0.06441961060370506,0.0030456817364952968,-0.37286207074163397,-0.0004295593229757868,0.9979375900776375,0.06419163738398523,-0.004568920921971005,1.0924952030181885
181,0.9979375900776375,0.06419163738398523,-0.004568920921971005,-0.3797499238140699,-0.0004272535978394729,0.9979803353586478,0.06352361952408556,-0.013387681456092617,0.21849095821380615
182,0.9979803353586478,0.06352361952408556,-0.013387681456092617,-0.38301664618685605,-0.000420531444996143,0.9980533433908617,0.06236604642209341,-0.023197463741056787,0.6949111819267273
183,0.9980533433908617,0.06236604642209341,-0.023197463741056787,-0.3824186324933224,-0.0004094633274600567,0.9981572733756928,0.060679960507587845,-0.03378572379848532,0.37058335542678833
184,0.9981572733756928,0.060679960507587845,-0.03378572379848532,-0.37805190698880653,-0.000394365644325029,0.9982912284940626,0.058434776561695476,-0.04498353946611548,0.8201831579208374
185,0.9982912284940626,0.058434776561695476,-0.04498353946611548,-0.3691640497659748,-0.0003757150733573895,0.9984524121880591,0.05561277367517415,-0.05653206450974013,0.21254819631576538
186,0.9984524121880591,0.05561277367517415,-0.05653206450974013,-0.35527461768891994,-0.00035417817819398016,0.9986360209861876,0.052212044480892006,-0.06811367690669762,0.18553785979747772
187,0.9986360209861876,0.052212044480892006,-0.06811367690669762,-0.33579146882525945,-0.0003305281608248958,0.998835247686665,0.048250885781698914,-0.07932336386981766,0.6578108072280884
188,0.998835247686665,0.048250885781698914,-0.07932336386981766,-0.31019875396518315,-0.0003055399855688853,0.9990415297303469,0.043772387118461084,-0.08966501262832104,0.5957189798355103
189,0.9990415297303469,0.043772387118461084,-0.08966501262832104,-0.2794341444523271,-0.0002799311729400302,0.9992454789073622,0.0388390638815687,-0.0987508439573244,1.735525131225586
190,0.9992454789073622,0.0388390638815687,-0.0987508439573244,-0.21991980059596372,-0.0002532769627749635,0.9994315899788208,0.0337119704616371,-0.10260951613554248,0.8451654314994812
191,0.9994315899788208,0.0337119704616371,-0.10260951613554248,-0.16040249196907722,-0.00022155279949232978,0.9995896436425225,0.02864514483494421,-0.10138591208467647,0.7740324139595032
192,0.9995896436425225,0.02864514483494421,-0.10138591208467647,-0.10214902467808862,-0.00018591135920450563,0.9997146990369596,0.023885571574512546,-0.09522440716018178,0.919833779335022
193,0.9997146990369596,0.023885571574512546,-0.09522440716018178,-0.04931332912744225,-0.0001479829636688699,0.9998068961914377,0.019651216960884378,-0.0847072278484138,0.6709297299385071
194,0.9998068961914377,0.019651216960884378,-0.0847072278484138,-0.0043236687773754974,-0.00011037701865463554,0.9998700496005554,0.016120915351894163,-0.07061736544435705,1.216540813446045
195,0.9998700496005554,0.016120915351894163,-0.07061736544435705,0.02966701811784075,-7.594677903139557e-05,0.9999099829084928,0.013417379771688309,-0.05407662621276043,0.4717123508453369
196,0.9999099829084928,0.013417379771688309,-0.05407662621276043,0.05130277197501048,-4.750970087726811e-05,0.9999326990193483,0.011601613330974118,-0.036318175587742724,0.5477311611175537
197,0.9999326990193483,0.011601613330974118,-0.036318175587742724,0.06211081898299158,-2.7036221277481476e-05,0.9999428960929055,0.010686653046335034,-0.01830034274206338,0.3882170021533966
198,0.9999428960929055,0.010686653046335034,-0.01830034274206338,0.06170548885294258,-1.5150672295984822e-05,0.9999434448793644,0.010635179490238544,-0.0010295296293707894,1.27436363697052
199,0.9999434448793644,0.010635179490238544,-0.0010295296293707894,0.0510403736183484,-1.158224203127735e-05,0.9999354131098833,0.011365280848576948,0.014602911031060317,0.414804071187973
