,state0,state1,state2,action_p,action_n,reward,state_0,state_1,state_2,a_loss
0,-0.635746275679365,-0.7461948254558344,0.663000910216548,-0.9997106194496155,-0.4798600673675537,-0.39939495953862975,-0.5173707604408264,-0.9997106194496155,-0.4798600673675537,0.007515388075262308
1,-0.5173707604408264,-0.9997106194496155,-0.4798600673675537,-0.999998927116394,-0.2580798864364624,-0.2646088133479677,-0.43008747696876526,-0.999998927116394,-0.2580798864364624,0.0025527370162308216
2,-0.43008747696876526,-0.999998927116394,-0.2580798864364624,-0.9999985098838806,-0.27248889207839966,-0.18299294103954022,-0.3585777282714844,-0.9999985098838806,-0.27248889207839966,0.0016525924438610673
3,-0.3585777282714844,-0.9999985098838806,-0.27248889207839966,-1.0,-0.23643317818641663,-0.12732374710650968,-0.2991925776004791,-1.0,-0.23643317818641663,0.0037665702402591705
4,-0.2991925776004791,-1.0,-0.23643317818641663,-1.0,-0.1718894988298416,-0.08876076505969527,-0.2492583990097046,-1.0,-0.1718894988298416,0.004432281944900751
5,-0.2492583990097046,-1.0,-0.1718894988298416,-1.0,-0.028519967570900917,-0.06171993024298059,-0.20881544053554535,-1.0,-0.028519967570900917,0.0023285625502467155
6,-0.20881544053554535,-1.0,-0.028519967570900917,-1.0,-0.03639819100499153,-0.043435842625631146,-0.17234563827514648,-1.0,-0.03639819100499153,0.007512944284826517
7,-0.17234563827514648,-1.0,-0.03639819100499153,-1.0,-0.04490510746836662,-0.029716511324319055,-0.13957031071186066,-1.0,-0.04490510746836662,0.0024253763258457184
8,-0.13957031071186066,-1.0,-0.04490510746836662,-1.0,-0.05231797695159912,-0.019626957547671863,-0.11035102605819702,-1.0,-0.05231797695159912,0.0016571059823036194
9,-0.11035102605819702,-1.0,-0.05231797695159912,-1.0,-0.05875154584646225,-0.012419942378777363,-0.08455239236354828,-1.0,-0.05875154584646225,0.018736273050308228
10,-0.08455239236354828,-1.0,-0.05875154584646225,-0.9999940395355225,-0.12513820827007294,-0.007462144904906191,-0.06345308572053909,-0.9999940395355225,-0.12513820827007294,0.013299103826284409
11,-0.06345308572053909,-0.9999940395355225,-0.12513820827007294,-0.9999142289161682,-0.1694621443748474,-0.004385211337991689,-0.04750680923461914,-0.9999142289161682,-0.1694621443748474,0.002602590713649988
12,-0.04750680923461914,-0.9999142289161682,-0.1694621443748474,-0.9994362592697144,-0.1951054036617279,-0.0026422435630029614,-0.03581470996141434,-0.9994362592697144,-0.1951054036617279,0.0016258612740784883
13,-0.03581470996141434,-0.9994362592697144,-0.1951054036617279,-0.9978572726249695,-0.21344532072544098,-0.001682478908150084,-0.027556659653782845,-0.9978572726249695,-0.21344532072544098,0.001681310124695301
14,-0.027556659653782845,-0.9978572726249695,-0.21344532072544098,-0.9946753978729248,-0.22377929091453552,-0.0011652501745838529,-0.02168918028473854,-0.9946753978729248,-0.22377929091453552,0.0018222215585410595
15,-0.02168918028473854,-0.9946753978729248,-0.22377929091453552,-0.9277479648590088,-0.20164601504802704,-0.0008248374252739201,-0.015457198955118656,-0.9277479648590088,-0.20164601504802704,0.033146392554044724
16,-0.015457198955118656,-0.9277479648590088,-0.20164601504802704,-0.3636680543422699,-0.09838301688432693,-0.00029258299140131304,-0.01685226336121559,-0.3636680543422699,-0.09838301688432693,0.010441429913043976
17,-0.01685226336121559,-0.3636680543422699,-0.09838301688432693,0.03913881257176399,0.055602964013814926,-0.0002821449757924693,-0.04688812047243118,0.03913881257176399,0.055602964013814926,0.006134137511253357
18,-0.04688812047243118,0.03913881257176399,0.055602964013814926,-0.9989376664161682,-0.09773271530866623,-0.002572799681253178,-0.030420375987887383,-0.9989376664161682,-0.09773271530866623,0.025153573602437973
19,-0.030420375987887383,-0.9989376664161682,-0.09773271530866623,-0.9959861636161804,-0.21388235688209534,-0.001328426116251865,-0.023238033056259155,-0.9959861636161804,-0.21388235688209534,0.012002985924482346
20,-0.023238033056259155,-0.9959861636161804,-0.21388235688209534,-0.9498270750045776,-0.2077619880437851,-0.0009110993438289792,-0.017080970108509064,-0.9498270750045776,-0.2077619880437851,0.0025676831137388945
21,-0.017080970108509064,-0.9498270750045776,-0.2077619880437851,-0.4327757656574249,-0.12598925828933716,-0.00036922238647201275,-0.016146810725331306,-0.4327757656574249,-0.12598925828933716,0.007968752644956112
22,-0.016146810725331306,-0.4327757656574249,-0.12598925828933716,0.04186432808637619,0.0684552863240242,-0.00025989532838572573,-0.0475386381149292,0.04186432808637619,0.0684552863240242,0.002095540752634406
23,-0.0475386381149292,0.04186432808637619,0.0684552863240242,-0.9988090395927429,-0.09522191435098648,-0.0026331284082878118,-0.030885234475135803,-0.9988090395927429,-0.09522191435098648,0.006018727086484432
24,-0.030885234475135803,-0.9988090395927429,-0.09522191435098648,-0.9952998161315918,-0.21191278100013733,-0.0013556708025802026,-0.023469045758247375,-0.9952998161315918,-0.21191278100013733,0.012019742280244827
25,-0.023469045758247375,-0.9952998161315918,-0.21191278100013733,-0.9361780881881714,-0.20405566692352295,-0.0009108412211571163,-0.017049100250005722,-0.9361780881881714,-0.20405566692352295,0.0018842273857444525
26,-0.017049100250005722,-0.9361780881881714,-0.20405566692352295,-0.4079935550689697,-0.1259787678718567,-0.00035981334311081624,-0.01683037355542183,-0.4079935550689697,-0.1259787678718567,0.019656019285321236
27,-0.01683037355542183,-0.4079935550689697,-0.1259787678718567,0.018152400851249695,0.021246138960123062,-0.00027988023229074305,-0.04248802363872528,0.018152400851249695,0.021246138960123062,0.001226652879267931
28,-0.04248802363872528,0.018152400851249695,0.021246138960123062,-0.9961040616035461,-0.09979308396577835,-0.00218256550441234,-0.026791097596287727,-0.9961040616035461,-0.09979308396577835,0.02451164461672306
29,-0.026791097596287727,-0.9961040616035461,-0.09979308396577835,-0.9906077980995178,-0.20468918979167938,-0.0011176841875851482,-0.019642138853669167,-0.9906077980995178,-0.20468918979167938,0.002371120499446988
30,-0.019642138853669167,-0.9906077980995178,-0.20468918979167938,-0.8192595839500427,-0.1960122436285019,-0.000664625605176893,-0.013983855955302715,-0.8192595839500427,-0.1960122436285019,0.005749437026679516
31,-0.013983855955302715,-0.8192595839500427,-0.1960122436285019,-0.3374347388744354,-0.11662594228982925,-0.00024398388992185937,-0.016173383221030235,-0.3374347388744354,-0.11662594228982925,0.044189926236867905
32,-0.016173383221030235,-0.3374347388744354,-0.11662594228982925,-0.02253328077495098,-0.036430083215236664,-0.0002589014184639027,-0.03518696501851082,-0.02253328077495098,-0.036430083215236664,0.004501940682530403
33,-0.03518696501851082,-0.02253328077495098,-0.036430083215236664,-0.9720036387443542,-0.10253166407346725,-0.0016040994609765897,-0.020990092307329178,-0.9720036387443542,-0.10253166407346725,0.003789589973166585
34,-0.020990092307329178,-0.9720036387443542,-0.10253166407346725,-0.9586857557296753,-0.1889236718416214,-0.0008167471667486683,-0.013906601816415787,-0.9586857557296753,-0.1889236718416214,0.01261083222925663
35,-0.013906601816415787,-0.9586857557296753,-0.1889236718416214,-0.5812712907791138,-0.17819339036941528,-0.0003387234861307168,-0.011000171303749084,-0.5812712907791138,-0.17819339036941528,0.0019288916373625398
36,-0.011000171303749084,-0.5812712907791138,-0.17819339036941528,-0.04819873347878456,-0.04954313486814499,-0.00012133698887127135,-0.027737826108932495,-0.04819873347878456,-0.04954313486814499,0.003156797494739294
37,-0.027737826108932495,-0.04819873347878456,-0.04954313486814499,-0.44146785140037537,-0.13416257500648499,-0.0008445119135603116,-0.0257961917668581,-0.44146785140037537,-0.13416257500648499,0.0022243214771151543
38,-0.0257961917668581,-0.44146785140037537,-0.13416257500648499,-0.9448394775390625,-0.14466334879398346,-0.0010222260682942544,-0.01529340073466301,-0.9448394775390625,-0.14466334879398346,0.010471928864717484
39,-0.01529340073466301,-0.9448394775390625,-0.14466334879398346,-0.6368508338928223,-0.18364611268043518,-0.0004065602597976397,-0.011575041338801384,-0.6368508338928223,-0.18364611268043518,0.0026426517870277166
40,-0.011575041338801384,-0.6368508338928223,-0.18364611268043518,-0.13826248049736023,-0.12254150956869125,-0.0001458876951645007,-0.02113935723900795,-0.13826248049736023,-0.12254150956869125,0.006666821427643299
41,-0.02113935723900795,-0.13826248049736023,-0.12254150956869125,-0.10263818502426147,-0.16974741220474243,-0.0004567849171258591,-0.03089454397559166,-0.10263818502426147,-0.16974741220474243,0.002275879494845867
42,-0.03089454397559166,-0.10263818502426147,-0.16974741220474243,-0.9799852967262268,-0.13069191575050354,-0.0013330075650577716,-0.01854545995593071,-0.9799852967262268,-0.13069191575050354,0.002611191011965275
43,-0.01854545995593071,-0.9799852967262268,-0.13069191575050354,-0.9613099098205566,-0.21114835143089294,-0.0007269294834898694,-0.013501983135938644,-0.9613099098205566,-0.21114835143089294,0.01333455927670002
44,-0.013501983135938644,-0.9613099098205566,-0.21114835143089294,-0.7446588277816772,-0.21020881831645966,-0.00041940819739928054,-0.010220897383987904,-0.7446588277816772,-0.21020881831645966,0.0015273764729499817
45,-0.010220897383987904,-0.7446588277816772,-0.21020881831645966,-0.2874486744403839,-0.15883950889110565,-0.0001462472349866031,-0.01409629825502634,-0.2874486744403839,-0.15883950889110565,0.002130058128386736
46,-0.01409629825502634,-0.2874486744403839,-0.15883950889110565,-0.05238891765475273,-0.07650388777256012,-0.00019955356801831038,-0.02926422655582428,-0.05238891765475273,-0.07650388777256012,0.004359048791229725
47,-0.02926422655582428,-0.05238891765475273,-0.07650388777256012,-0.5679544806480408,-0.12384561449289322,-0.0009803919539195325,-0.023722125217318535,-0.5679544806480408,-0.12384561449289322,0.0031019868329167366
48,-0.023722125217318535,-0.5679544806480408,-0.12384561449289322,-0.9530282616615295,-0.16580773890018463,-0.000929703382522884,-0.014701807871460915,-0.9530282616615295,-0.16580773890018463,0.010618926957249641
49,-0.014701807871460915,-0.9530282616615295,-0.16580773890018463,-0.7358837127685547,-0.20162945985794067,-0.0004461964541989898,-0.010812792927026749,-0.7358837127685547,-0.20162945985794067,0.030862022191286087
50,-0.010812792927026749,-0.7358837127685547,-0.20162945985794067,-0.2915157973766327,-0.16479188203811646,-0.00016024708109996024,-0.014547016471624374,-0.2915157973766327,-0.16479188203811646,0.004818574525415897
51,-0.014547016471624374,-0.2915157973766327,-0.16479188203811646,-0.052472759038209915,-0.0913916751742363,-0.00021329864427809697,-0.029030654579401016,-0.052472759038209915,-0.0913916751742363,0.002492902334779501
52,-0.029030654579401016,-0.052472759038209915,-0.0913916751742363,-0.5531628131866455,-0.12547685205936432,-0.000960482854615918,-0.023898392915725708,-0.5531628131866455,-0.12547685205936432,0.006054488942027092
53,-0.023898392915725708,-0.5531628131866455,-0.12547685205936432,-0.9338075518608093,-0.16416579484939575,-0.0009232646394407859,-0.014872433617711067,-0.9338075518608093,-0.16416579484939575,0.01027684099972248
54,-0.014872433617711067,-0.9338075518608093,-0.16416579484939575,-0.7179558277130127,-0.1999552994966507,-0.0004404821477646103,-0.011030430905520916,-0.7179558277130127,-0.1999552994966507,0.007319883443415165
55,-0.011030430905520916,-0.7179558277130127,-0.1999552994966507,-0.22119490802288055,-0.15095676481723785,-0.00014876993028770124,-0.017021551728248596,-0.22119490802288055,-0.15095676481723785,0.004911191761493683
56,-0.017021551728248596,-0.22119490802288055,-0.15095676481723785,-0.06316526979207993,-0.11618064343929291,-0.0002929503468077568,-0.029998328536748886,-0.06316526979207993,-0.11618064343929291,0.0024526880588382483
57,-0.029998328536748886,-0.06316526979207993,-0.11618064343929291,-0.6884855628013611,-0.11461150646209717,-0.0010830246858088122,-0.02148769050836563,-0.6884855628013611,-0.11461150646209717,0.002618765225633979
58,-0.02148769050836563,-0.6884855628013611,-0.11461150646209717,-0.879099428653717,-0.17323221266269684,-0.0007768302887783794,-0.013768976554274559,-0.879099428653717,-0.17323221266269684,0.003875254187732935
59,-0.013768976554274559,-0.879099428653717,-0.17323221266269684,-0.6077098250389099,-0.1842123121023178,-0.0003484107770534593,-0.010689659044146538,-0.6077098250389099,-0.1842123121023178,0.03951406478881836
60,-0.010689659044146538,-0.6077098250389099,-0.1842123121023178,-0.07673268020153046,-0.08262626081705093,-0.00011786479675717496,-0.024363262578845024,-0.07673268020153046,-0.08262626081705093,0.0026815037708729506
61,-0.024363262578845024,-0.07673268020153046,-0.08262626081705093,-0.20658236742019653,-0.14911752939224243,-0.0006117936154931168,-0.030322054401040077,-0.20658236742019653,-0.14911752939224243,0.002351178787648678
62,-0.030322054401040077,-0.20658236742019653,-0.14911752939224243,-0.9789059162139893,-0.128158301115036,-0.0012973105970654226,-0.01794935017824173,-0.9789059162139893,-0.128158301115036,0.006351877469569445
63,-0.01794935017824173,-0.9789059162139893,-0.128158301115036,-0.848395049571991,-0.18910624086856842,-0.0006201922294040119,-0.011958349496126175,-0.848395049571991,-0.18910624086856842,0.019398294389247894
64,-0.011958349496126175,-0.848395049571991,-0.18910624086856842,-0.44642511010169983,-0.16328613460063934,-0.00023152053420123,-0.011515670455992222,-0.44642511010169983,-0.16328613460063934,0.034315451979637146
65,-0.011515670455992222,-0.44642511010169983,-0.16328613460063934,0.007159169763326645,-0.01649596355855465,-0.00013101082953901613,-0.03343122452497482,0.007159169763326645,-0.01649596355855465,0.002450951375067234
66,-0.03343122452497482,0.007159169763326645,-0.01649596355855465,-0.7858428955078125,-0.09104499965906143,-0.0013534084505557784,-0.02206803485751152,-0.7858428955078125,-0.09104499965906143,0.04004019871354103
67,-0.02206803485751152,-0.7858428955078125,-0.09104499965906143,-0.9262169003486633,-0.17178423702716827,-0.0008356029489989441,-0.013851279392838478,-0.9262169003486633,-0.17178423702716827,0.0040015410631895065
68,-0.013851279392838478,-0.9262169003486633,-0.17178423702716827,-0.5383780002593994,-0.16917045414447784,-0.00031674400319609664,-0.01142504159361124,-0.5383780002593994,-0.16917045414447784,0.03302999585866928
69,-0.01142504159361124,-0.5383780002593994,-0.16917045414447784,-0.002639227779582143,-0.030652141198515892,-0.0001292081088337688,-0.031814996153116226,-0.002639227779582143,-0.030652141198515892,0.003775574266910553
70,-0.031814996153116226,-0.002639227779582143,-0.030652141198515892,-0.576381504535675,-0.10434763878583908,-0.0011362370435927058,-0.025643644854426384,-0.576381504535675,-0.10434763878583908,0.003971897065639496
71,-0.025643644854426384,-0.576381504535675,-0.10434763878583908,-0.9337062835693359,-0.15341807901859283,-0.0010071595645733844,-0.01572410762310028,-0.9337062835693359,-0.15341807901859283,0.00245177885517478
72,-0.01572410762310028,-0.9337062835693359,-0.15341807901859283,-0.5854544043540955,-0.17587655782699585,-0.00039349933043749503,-0.012452173978090286,-0.5854544043540955,-0.17587655782699585,0.004506885074079037
73,-0.012452173978090286,-0.5854544043540955,-0.17587655782699585,-0.04488220810890198,-0.06601046025753021,-0.0001555834838660776,-0.028508322313427925,-0.04488220810890198,-0.06601046025753021,0.00242437282577157
74,-0.028508322313427925,-0.04488220810890198,-0.06601046025753021,-0.3971051871776581,-0.1348785012960434,-0.0008724807680194025,-0.027839181944727898,-0.3971051871776581,-0.1348785012960434,0.014749701134860516
75,-0.027839181944727898,-0.3971051871776581,-0.1348785012960434,-0.9263837933540344,-0.14413835108280182,-0.0011164992497120399,-0.017141040414571762,-0.9263837933540344,-0.14413835108280182,0.0024875786621123552
76,-0.017141040414571762,-0.9263837933540344,-0.14413835108280182,-0.6178951859474182,-0.18174327909946442,-0.0004559140768555533,-0.013388470746576786,-0.6178951859474182,-0.18174327909946442,0.012250690720975399
77,-0.013388470746576786,-0.6178951859474182,-0.18174327909946442,-0.07704069465398788,-0.09363716095685959,-0.00018279506745783416,-0.02659030444920063,-0.07704069465398788,-0.09363716095685959,0.002140381606295705
78,-0.02659030444920063,-0.07704069465398788,-0.09363716095685959,-0.27480417490005493,-0.14363403618335724,-0.0007362839726840747,-0.030033020302653313,-0.27480417490005493,-0.14363403618335724,0.0018277233466506004
79,-0.030033020302653313,-0.27480417490005493,-0.14363403618335724,-0.9460850358009338,-0.13476891815662384,-0.0012555166786742498,-0.018337834626436234,-0.9460850358009338,-0.13476891815662384,0.010417422279715538
80,-0.018337834626436234,-0.9460850358009338,-0.13476891815662384,-0.6453655362129211,-0.17716291546821594,-0.0005110446349927344,-0.013842803426086903,-0.6453655362129211,-0.17716291546821594,0.002313172910362482
81,-0.013842803426086903,-0.6453655362129211,-0.17716291546821594,-0.09623858332633972,-0.09443637728691101,-0.00019639656212338307,-0.026108715683221817,-0.09623858332633972,-0.09443637728691101,0.002290378324687481
82,-0.026108715683221817,-0.09623858332633972,-0.09443637728691101,-0.23949792981147766,-0.14143900573253632,-0.0007037221228732825,-0.030875446274876595,-0.23949792981147766,-0.14143900573253632,0.019419757649302483
83,-0.030875446274876595,-0.23949792981147766,-0.14143900573253632,-0.9477863907814026,-0.12836618721485138,-0.0013067734273517922,-0.018726160749793053,-0.9477863907814026,-0.12836618721485138,0.003874880727380514
84,-0.018726160749793053,-0.9477863907814026,-0.12836618721485138,-0.6459708213806152,-0.17301972210407257,-0.0005249821762671305,-0.014013451524078846,-0.6459708213806152,-0.17301972210407257,0.0030379791278392076
85,-0.014013451524078846,-0.6459708213806152,-0.17301972210407257,-0.0871889591217041,-0.08663652092218399,-0.00019985927680501815,-0.027016449719667435,-0.0871889591217041,-0.08663652092218399,0.016151130199432373
86,-0.027016449719667435,-0.0871889591217041,-0.08663652092218399,-0.2829725444316864,-0.13657177984714508,-0.0007598612547037606,-0.030221741646528244,-0.2829725444316864,-0.13657177984714508,0.0022066249512135983
87,-0.030221741646528244,-0.2829725444316864,-0.13657177984714508,-0.9249269366264343,-0.13146401941776276,-0.0012505529888913948,-0.018555540591478348,-0.9249269366264343,-0.13146401941776276,0.0016399846645072103
88,-0.018555540591478348,-0.9249269366264343,-0.13146401941776276,-0.6061486005783081,-0.17142532765865326,-0.0004985395683036216,-0.014447088353335857,-0.6061486005783081,-0.17142532765865326,0.0017930850153788924
89,-0.014447088353335857,-0.6061486005783081,-0.17142532765865326,-0.05893014371395111,-0.07529986649751663,-0.0002096538990019512,-0.029344746842980385,-0.05893014371395111,-0.07529986649751663,0.023223940283060074
90,-0.029344746842980385,-0.05893014371395111,-0.07529986649751663,-0.4095008373260498,-0.12611278891563416,-0.0009233237660408601,-0.028246836736798286,-0.4095008373260498,-0.12611278891563416,0.00288950651884079
91,-0.028246836736798286,-0.4095008373260498,-0.12611278891563416,-0.8059955835342407,-0.13808616995811462,-0.001054958400630597,-0.01860847696661949,-0.8059955835342407,-0.13808616995811462,0.002401949604973197
92,-0.01860847696661949,-0.8059955835342407,-0.13808616995811462,-0.46394437551498413,-0.15711048245429993,-0.00043773137091189274,-0.017047738656401634,-0.46394437551498413,-0.15711048245429993,0.0022865296341478825
93,-0.017047738656401634,-0.46394437551498413,-0.15711048245429993,-0.022480199113488197,-0.07267317920923233,-0.00028915046620663434,-0.03398583084344864,-0.022480199113488197,-0.07267317920923233,0.02930232509970665
94,-0.03398583084344864,-0.022480199113488197,-0.07267317920923233,-0.6954500079154968,-0.09441748261451721,-0.0013370016777311694,-0.02455066330730915,-0.6954500079154968,-0.09441748261451721,0.005647745914757252
95,-0.02455066330730915,-0.6954500079154968,-0.09441748261451721,-0.6281992197036743,-0.15819580852985382,-0.000762739738189505,-0.018928153440356255,-0.6281992197036743,-0.15819580852985382,0.0013666844461113214
96,-0.018928153440356255,-0.6281992197036743,-0.15819580852985382,-0.20819135010242462,-0.13473014533519745,-0.0003782015845651934,-0.025257280096411705,-0.20819135010242462,-0.13473014533519745,0.0022143134847283363
97,-0.025257280096411705,-0.20819135010242462,-0.13473014533519745,-0.16005033254623413,-0.15094125270843506,-0.0006489716171341095,-0.03294738382101059,-0.16005033254623413,-0.15094125270843506,0.001626470941118896
98,-0.03294738382101059,-0.16005033254623413,-0.15094125270843506,-0.8384259343147278,-0.1219266951084137,-0.0013585049324126588,-0.0216057151556015,-0.8384259343147278,-0.1219266951084137,0.0028338360134512186
99,-0.0216057151556015,-0.8384259343147278,-0.1219266951084137,-0.5318885445594788,-0.15943193435668945,-0.0005840495567083148,-0.018252765759825706,-0.5318885445594788,-0.15943193435668945,0.020713305100798607
100,-0.018252765759825706,-0.5318885445594788,-0.15943193435668945,-0.045359112322330475,-0.08101101964712143,-0.0003322672467704599,-0.0335911400616169,-0.045359112322330475,-0.08101101964712143,0.0021956702694296837
101,-0.0335911400616169,-0.045359112322330475,-0.08101101964712143,-0.5658257007598877,-0.10867727547883987,-0.0012464391012149806,-0.027576832100749016,-0.5658257007598877,-0.10867727547883987,0.027722027152776718
102,-0.027576832100749016,-0.5658257007598877,-0.10867727547883987,-0.5858645439147949,-0.14646700024604797,-0.0008964412608386896,-0.02216539904475212,-0.5858645439147949,-0.14646700024604797,0.0013308650813996792
103,-0.02216539904475212,-0.5858645439147949,-0.14646700024604797,-0.2643727958202362,-0.1578839123249054,-0.0005228266369279493,-0.026092469692230225,-0.2643727958202362,-0.1578839123249054,0.0020067833829671144
104,-0.026092469692230225,-0.2643727958202362,-0.1578839123249054,-0.2674238979816437,-0.15353897213935852,-0.0007099753237952048,-0.029733901843428612,-0.2674238979816437,-0.15353897213935852,0.0016096325125545263
105,-0.029733901843428612,-0.2674238979816437,-0.15353897213935852,-0.5331728458404541,-0.14287187159061432,-0.0009944508418888841,-0.025257891044020653,-0.5331728458404541,-0.14287187159061432,0.011817836202681065
106,-0.025257891044020653,-0.5331728458404541,-0.14287187159061432,-0.4125972390174866,-0.1580667793750763,-0.000707730963896436,-0.024469779804348946,-0.4125972390174866,-0.1580667793750763,0.0021836853120476007
107,-0.024469779804348946,-0.4125972390174866,-0.1580667793750763,-0.285389244556427,-0.16055071353912354,-0.0006338518457952693,-0.027561545372009277,-0.285389244556427,-0.16055071353912354,0.0035258859861642122
108,-0.027561545372009277,-0.285389244556427,-0.16055071353912354,-0.40369918942451477,-0.15222764015197754,-0.0008241919438702975,-0.026803934946656227,-0.40369918942451477,-0.15222764015197754,0.00244598719291389
109,-0.026803934946656227,-0.40369918942451477,-0.15222764015197754,-0.4403679072856903,-0.15478095412254333,-0.0007962350597224934,-0.02510795183479786,-0.4403679072856903,-0.15478095412254333,0.0024558936711400747
110,-0.02510795183479786,-0.4403679072856903,-0.15478095412254333,-0.34083291888237,-0.161067932844162,-0.000679032969261884,-0.026415273547172546,-0.34083291888237,-0.161067932844162,0.003581877099350095
111,-0.026415273547172546,-0.34083291888237,-0.161067932844162,-0.35382190346717834,-0.15579494833946228,-0.000748452908323298,-0.02722790651023388,-0.35382190346717834,-0.15579494833946228,0.004237609915435314
112,-0.02722790651023388,-0.35382190346717834,-0.15579494833946228,-0.4101414382457733,-0.15338875353336334,-0.0008083895428756344,-0.026318781077861786,-0.4101414382457733,-0.15338875353336334,0.003434155136346817
113,-0.026318781077861786,-0.4101414382457733,-0.15338875353336334,-0.3769613206386566,-0.15637925267219543,-0.0007502677412318649,-0.026449183002114296,-0.3769613206386566,-0.15637925267219543,0.0017141536809504032
114,-0.026449183002114296,-0.3769613206386566,-0.15637925267219543,-0.3511071801185608,-0.15515029430389404,-0.0007493764826324893,-0.027341250330209732,-0.3511071801185608,-0.15515029430389404,0.002369925379753113
115,-0.027341250330209732,-0.3511071801185608,-0.15515029430389404,-0.383197158575058,-0.1520376056432724,-0.0008057785236040355,-0.027197428047657013,-0.383197158575058,-0.1520376056432724,0.004320804961025715
116,-0.027197428047657013,-0.383197158575058,-0.1520376056432724,-0.38791587948799133,-0.1530514806509018,-0.0007996161228664575,-0.026928789913654327,-0.38791587948799133,-0.1530514806509018,0.00486500421538949
117,-0.026928789913654327,-0.38791587948799133,-0.1530514806509018,-0.374178409576416,-0.1546948254108429,-0.0007812799510139903,-0.027090998366475105,-0.374178409576416,-0.1546948254108429,0.00237632286734879
118,-0.027090998366475105,-0.374178409576416,-0.1546948254108429,-0.3835820257663727,-0.15490049123764038,-0.0007928039031786504,-0.02696499414741993,-0.3835820257663727,-0.15490049123764038,0.002694331109523773
119,-0.02696499414741993,-0.3835820257663727,-0.15490049123764038,-0.3953065276145935,-0.15656132996082306,-0.0007899411834457334,-0.026517679914832115,-0.3953065276145935,-0.15656132996082306,0.0022831610403954983
120,-0.026517679914832115,-0.3953065276145935,-0.15656132996082306,-0.39598605036735535,-0.1590476930141449,-0.0007668585428212157,-0.026101259514689445,-0.39598605036735535,-0.1590476930141449,0.00280290050432086
121,-0.026101259514689445,-0.39598605036735535,-0.1590476930141449,-0.3980463743209839,-0.16079717874526978,-0.0007461108718524972,-0.025672106072306633,-0.3980463743209839,-0.16079717874526978,0.012404236011207104
122,-0.025672106072306633,-0.3980463743209839,-0.16079717874526978,-0.39715951681137085,-0.16243575513362885,-0.0007241116391068722,-0.025314360857009888,-0.39715951681137085,-0.16243575513362885,0.018441803753376007
123,-0.025314360857009888,-0.39715951681137085,-0.16243575513362885,-0.3974314332008362,-0.16346533596515656,-0.0007063299597640422,-0.02498604543507099,-0.3974314332008362,-0.16346533596515656,0.002527056261897087
124,-0.02498604543507099,-0.3974314332008362,-0.16346533596515656,-0.3994187116622925,-0.16387608647346497,-0.0006907181086591118,-0.024632826447486877,-0.3994187116622925,-0.16387608647346497,0.0016390762757509947
125,-0.024632826447486877,-0.3994187116622925,-0.16387608647346497,-0.39429348707199097,-0.1646897941827774,-0.0006719000778919043,-0.024455342441797256,-0.39429348707199097,-0.1646897941827774,0.0018938640132546425
126,-0.024455342441797256,-0.39429348707199097,-0.1646897941827774,-0.3929659426212311,-0.16526585817337036,-0.0006629592999217203,-0.024333523586392403,-0.3929659426212311,-0.16526585817337036,0.004594442434608936
127,-0.024333523586392403,-0.3929659426212311,-0.16526585817337036,-0.39528051018714905,-0.1660134643316269,-0.000657922241929773,-0.024165280163288116,-0.39528051018714905,-0.1660134643316269,0.014351951889693737
128,-0.024165280163288116,-0.39528051018714905,-0.1660134643316269,-0.3968479037284851,-0.1666770577430725,-0.0006504539741047619,-0.023974565789103508,-0.3968479037284851,-0.1666770577430725,0.0028129895217716694
129,-0.023974565789103508,-0.3968479037284851,-0.1666770577430725,-0.39377880096435547,-0.16740424931049347,-0.0006405192997979549,-0.02388949878513813,-0.39377880096435547,-0.16740424931049347,0.005022653378546238
130,-0.02388949878513813,-0.39377880096435547,-0.16740424931049347,-0.39269474148750305,-0.1678735464811325,-0.000636222644114155,-0.023845337331295013,-0.39269474148750305,-0.1678735464811325,0.0030151745304465294
131,-0.023845337331295013,-0.39269474148750305,-0.1678735464811325,-0.39502543210983276,-0.16826635599136353,-0.0006349292806518509,-0.023745931684970856,-0.39502543210983276,-0.16826635599136353,0.002332319039851427
132,-0.023745931684970856,-0.39502543210983276,-0.16826635599136353,-0.3932305574417114,-0.168831929564476,-0.0006297704611482627,-0.023708797991275787,-0.3932305574417114,-0.168831929564476,0.0025699364487081766
133,-0.023708797991275787,-0.3932305574417114,-0.168831929564476,-0.3907721936702728,-0.16906927525997162,-0.0006272924038400328,-0.023743383586406708,-0.3907721936702728,-0.16906927525997162,0.002562138484790921
134,-0.023743383586406708,-0.3907721936702728,-0.16906927525997162,-0.39033710956573486,-0.16922761499881744,-0.0006287976527905528,-0.02378862164914608,-0.39033710956573486,-0.16922761499881744,0.03551342338323593
135,-0.02378862164914608,-0.39033710956573486,-0.16922761499881744,-0.3889812231063843,-0.16926932334899902,-0.0006305028506254041,-0.02386733517050743,-0.3889812231063843,-0.16926932334899902,0.001637040637433529
136,-0.02386733517050743,-0.3889812231063843,-0.16926932334899902,-0.3874073922634125,-0.16924238204956055,-0.0006337126955007547,-0.023982178419828415,-0.3874073922634125,-0.16924238204956055,0.009853160940110683
137,-0.023982178419828415,-0.3874073922634125,-0.16924238204956055,-0.38571012020111084,-0.16887222230434418,-0.0006385612953453541,-0.024130433797836304,-0.38571012020111084,-0.16887222230434418,0.02107839658856392
138,-0.024130433797836304,-0.38571012020111084,-0.16887222230434418,-0.3849700689315796,-0.16815067827701569,-0.0006452758303967774,-0.024280309677124023,-0.3849700689315796,-0.16815067827701569,0.0018505945336073637
139,-0.024280309677124023,-0.3849700689315796,-0.16815067827701569,-0.38408005237579346,-0.16705818474292755,-0.0006520165509332719,-0.024432839825749397,-0.38408005237579346,-0.16705818474292755,0.002351389266550541
140,-0.024432839825749397,-0.38408005237579346,-0.16705818474292755,-0.38147106766700745,-0.1659296154975891,-0.000658400643634404,-0.02463604137301445,-0.38147106766700745,-0.1659296154975891,0.014815237373113632
141,-0.02463604137301445,-0.38147106766700745,-0.1659296154975891,-0.38119691610336304,-0.16463737189769745,-0.0006679869965487211,-0.024820832535624504,-0.38119691610336304,-0.16463737189769745,0.007919522933661938
142,-0.024820832535624504,-0.38119691610336304,-0.16463737189769745,-0.38279885053634644,-0.1631568819284439,-0.0006773024487280825,-0.024935174733400345,-0.38279885053634644,-0.1631568819284439,0.0030391609761863947
143,-0.024935174733400345,-0.38279885053634644,-0.1631568819284439,-0.37774112820625305,-0.1619984656572342,-0.0006812281690297976,-0.025175778195261955,-0.37774112820625305,-0.1619984656572342,0.022419406101107597
144,-0.025175778195261955,-0.37774112820625305,-0.1619984656572342,-0.37967997789382935,-0.16030824184417725,-0.0006934973236005497,-0.025332210585474968,-0.37967997789382935,-0.16030824184417725,0.013477412983775139
145,-0.025332210585474968,-0.37967997789382935,-0.16030824184417725,-0.3865548074245453,-0.15905876457691193,-0.0007032428590200188,-0.025272903963923454,-0.3865548074245453,-0.15905876457691193,0.030188653618097305
146,-0.025272903963923454,-0.3865548074245453,-0.15905876457691193,-0.39356911182403564,-0.15889380872249603,-0.0007024486066098579,-0.02501850761473179,-0.39356911182403564,-0.15889380872249603,0.002703028963878751
147,-0.02501850761473179,-0.39356911182403564,-0.15889380872249603,-0.39533916115760803,-0.15921670198440552,-0.0006904211315267134,-0.02473626844584942,-0.39533916115760803,-0.15921670198440552,0.007658685557544231
148,-0.02473626844584942,-0.39533916115760803,-0.15921670198440552,-0.3970065712928772,-0.15969860553741455,-0.000677151436809228,-0.024432964622974396,-0.3970065712928772,-0.15969860553741455,0.009084172546863556
149,-0.024432964622974396,-0.3970065712928772,-0.15969860553741455,-0.40163367986679077,-0.16069267690181732,-0.0006640382370106403,-0.024033712223172188,-0.40163367986679077,-0.16069267690181732,0.002676759846508503
150,-0.024033712223172188,-0.40163367986679077,-0.16069267690181732,-0.40232130885124207,-0.16225947439670563,-0.0006453636505017201,-0.023661483079195023,-0.40232130885124207,-0.16225947439670563,0.00175300776027143
151,-0.023661483079195023,-0.40232130885124207,-0.16225947439670563,-0.39932936429977417,-0.16382406651973724,-0.0006270862845033639,-0.023415133357048035,-0.39932936429977417,-0.16382406651973724,0.01952231302857399
152,-0.023415133357048035,-0.39932936429977417,-0.16382406651973724,-0.39958205819129944,-0.16524691879749298,-0.0006159082367359069,-0.023195896297693253,-0.39958205819129944,-0.16524691879749298,0.006244461052119732
153,-0.023195896297693253,-0.39958205819129944,-0.16524691879749298,-0.4001396596431732,-0.16689181327819824,-0.000606219524827339,-0.02299683168530464,-0.4001396596431732,-0.16689181327819824,0.0018366135191172361
154,-0.02299683168530464,-0.4001396596431732,-0.16689181327819824,-0.39869287610054016,-0.16864986717700958,-0.0005969177555275664,-0.022872060537338257,-0.39869287610054016,-0.16864986717700958,0.018164237961173058
155,-0.022872060537338257,-0.39869287610054016,-0.16864986717700958,-0.398891806602478,-0.17017102241516113,-0.0005915388933180885,-0.022769935429096222,-0.398891806602478,-0.17017102241516113,0.0027521622832864523
156,-0.022769935429096222,-0.398891806602478,-0.17017102241516113,-0.39905768632888794,-0.17187321186065674,-0.0005872243145466931,-0.022692611441016197,-0.39905768632888794,-0.17187321186065674,0.00293862191028893
157,-0.022692611441016197,-0.39905768632888794,-0.17187321186065674,-0.3989374041557312,-0.17377614974975586,-0.0005839795135448827,-0.022649137303233147,-0.3989374041557312,-0.17377614974975586,0.0023952184710651636
158,-0.022649137303233147,-0.3989374041557312,-0.17377614974975586,-0.40122807025909424,-0.17480792105197906,-0.0005829110519954628,-0.02256377413868904,-0.40122807025909424,-0.17480792105197906,0.011125745251774788
159,-0.02256377413868904,-0.40122807025909424,-0.17480792105197906,-0.40051645040512085,-0.17585623264312744,-0.0005790206883934738,-0.02251831814646721,-0.40051645040512085,-0.17585623264312744,0.0030054356902837753
160,-0.02251831814646721,-0.40051645040512085,-0.17585623264312744,-0.4006349444389343,-0.17593306303024292,-0.0005770469423987389,-0.02247471548616886,-0.4006349444389343,-0.17593306303024292,0.006205568090081215
161,-0.02247471548616886,-0.4006349444389343,-0.17593306303024292,-0.39848363399505615,-0.1762562245130539,-0.0005744685724016695,-0.022494550794363022,-0.39848363399505615,-0.1762562245130539,0.001874248031526804
162,-0.022494550794363022,-0.39848363399505615,-0.1762562245130539,-0.3983055055141449,-0.1764599084854126,-0.0005753208853543024,-0.022520123049616814,-0.3983055055141449,-0.1764599084854126,0.06504619121551514
163,-0.022520123049616814,-0.3983055055141449,-0.1764599084854126,-0.3981480598449707,-0.1769198477268219,-0.0005764718559190476,-0.022553998976945877,-0.3981480598449707,-0.1769198477268219,0.0026520718820393085
164,-0.022553998976945877,-0.3981480598449707,-0.1769198477268219,-0.3974657952785492,-0.17757144570350647,-0.0005778541398033383,-0.02261168695986271,-0.3974657952785492,-0.17757144570350647,0.003771408461034298
165,-0.02261168695986271,-0.3974657952785492,-0.17757144570350647,-0.39730751514434814,-0.17822936177253723,-0.0005804689984199147,-0.02267790213227272,-0.39730751514434814,-0.17822936177253723,0.002925367560237646
166,-0.02267790213227272,-0.39730751514434814,-0.17822936177253723,-0.397502601146698,-0.17870205640792847,-0.0005835582629401001,-0.022740300744771957,-0.397502601146698,-0.17870205640792847,0.0022464815992861986
167,-0.022740300744771957,-0.397502601146698,-0.17870205640792847,-0.39708584547042847,-0.17885127663612366,-0.0005862442232186726,-0.02281021885573864,-0.39708584547042847,-0.17885127663612366,0.0036163758486509323
168,-0.02281021885573864,-0.39708584547042847,-0.17885127663612366,-0.3973483145236969,-0.17870065569877625,-0.0005894493648602729,-0.02286534011363983,-0.3973483145236969,-0.17870065569877625,0.006710798945277929
169,-0.02286534011363983,-0.3973483145236969,-0.17870065569877625,-0.39641693234443665,-0.1785639077425003,-0.0005916189678990999,-0.022937722504138947,-0.39641693234443665,-0.1785639077425003,0.002663664985448122
170,-0.022937722504138947,-0.39641693234443665,-0.1785639077425003,-0.39505645632743835,-0.17860101163387299,-0.0005944656612101156,-0.023039478808641434,-0.39505645632743835,-0.17860101163387299,0.005241661798208952
171,-0.023039478808641434,-0.39505645632743835,-0.17860101163387299,-0.395425945520401,-0.17842704057693481,-0.0005991751109788873,-0.023120727390050888,-0.395425945520401,-0.17842704057693481,0.0037497165612876415
172,-0.023120727390050888,-0.395425945520401,-0.17842704057693481,-0.3948444724082947,-0.1783808022737503,-0.0006026862503407155,-0.02320948801934719,-0.3948444724082947,-0.1783808022737503,0.002658356912434101
173,-0.02320948801934719,-0.3948444724082947,-0.1783808022737503,-0.3934745192527771,-0.17855386435985565,-0.0006063376515529384,-0.023328563198447227,-0.3934745192527771,-0.17855386435985565,0.009462140500545502
174,-0.023328563198447227,-0.3934745192527771,-0.17855386435985565,-0.39391404390335083,-0.17868907749652863,-0.0006119646715150035,-0.023428162559866905,-0.39391404390335083,-0.17868907749652863,0.004742185585200787
175,-0.023428162559866905,-0.39391404390335083,-0.17868907749652863,-0.3939829468727112,-0.1790173053741455,-0.0006166295661538372,-0.02352217026054859,-0.3939829468727112,-0.1790173053741455,0.010711615905165672
176,-0.02352217026054859,-0.3939829468727112,-0.1790173053741455,-0.39377638697624207,-0.17940708994865417,-0.0006209765019020585,-0.0236190315335989,-0.39377638697624207,-0.17940708994865417,0.0021814964711666107
177,-0.0236190315335989,-0.39377638697624207,-0.17940708994865417,-0.3948441445827484,-0.1791832000017166,-0.0006257878263697411,-0.023677077144384384,-0.3948441445827484,-0.1791832000017166,0.0029364037327468395
178,-0.023677077144384384,-0.3948441445827484,-0.1791832000017166,-0.3943081796169281,-0.17864301800727844,-0.0006282508602595784,-0.023736631497740746,-0.3943081796169281,-0.17864301800727844,0.002575729973614216
179,-0.023736631497740746,-0.3943081796169281,-0.17864301800727844,-0.39267125725746155,-0.17779888212680817,-0.0006304020894536034,-0.023822326213121414,-0.39267125725746155,-0.17779888212680817,0.04303893819451332
180,-0.023822326213121414,-0.39267125725746155,-0.17779888212680817,-0.3910065293312073,-0.17709124088287354,-0.0006338021993287365,-0.02393515408039093,-0.3910065293312073,-0.17709124088287354,0.006250347010791302
181,-0.02393515408039093,-0.3910065293312073,-0.17709124088287354,-0.389475554227829,-0.1767812967300415,-0.0006385984801975084,-0.024074941873550415,-0.389475554227829,-0.1767812967300415,0.012852114625275135
182,-0.024074941873550415,-0.389475554227829,-0.1767812967300415,-0.3904813826084137,-0.17676480114459991,-0.0006455336624843602,-0.024176551029086113,-0.3904813826084137,-0.17676480114459991,0.0046249451115727425
183,-0.024176551029086113,-0.3904813826084137,-0.17676480114459991,-0.39212700724601746,-0.17632582783699036,-0.0006508256785774057,-0.024220971390604973,-0.39212700724601746,-0.17632582783699036,0.02062271349132061
184,-0.024220971390604973,-0.39212700724601746,-0.17632582783699036,-0.3908209800720215,-0.17522746324539185,-0.000652384007098198,-0.024282585829496384,-0.3908209800720215,-0.17522746324539185,0.008399806916713715
185,-0.024282585829496384,-0.3908209800720215,-0.17522746324539185,-0.38798537850379944,-0.1735738217830658,-0.0006542194868625354,-0.024395225569605827,-0.38798537850379944,-0.1735738217830658,0.010481875389814377
186,-0.024395225569605827,-0.38798537850379944,-0.1735738217830658,-0.38648441433906555,-0.1715349704027176,-0.0006588846154729838,-0.024516882374882698,-0.38648441433906555,-0.1715349704027176,0.0025596758350729942
187,-0.024516882374882698,-0.38648441433906555,-0.1715349704027176,-0.38599950075149536,-0.1697406768798828,-0.0006643627398317946,-0.024623675271868706,-0.38599950075149536,-0.1697406768798828,0.0017794464947655797
188,-0.024623675271868706,-0.38599950075149536,-0.1697406768798828,-0.38507533073425293,-0.1683250516653061,-0.0006690657010809632,-0.02473369799554348,-0.38507533073425293,-0.1683250516653061,0.0031432942487299442
189,-0.02473369799554348,-0.38507533073425293,-0.1683250516653061,-0.3848792016506195,-0.16719147562980652,-0.000674212785680936,-0.024830127134919167,-0.3848792016506195,-0.16719147562980652,0.005273842252790928
190,-0.024830127134919167,-0.3848792016506195,-0.16719147562980652,-0.3850340247154236,-0.16650477051734924,-0.0006788858812118301,-0.024908699095249176,-0.3850340247154236,-0.16650477051734924,0.0028379603754729033
191,-0.024908699095249176,-0.3850340247154236,-0.16650477051734924,-0.3910655081272125,-0.1661023199558258,-0.0006845618681072501,-0.024811170995235443,-0.3910655081272125,-0.1661023199558258,0.011704862117767334
192,-0.024811170995235443,-0.3910655081272125,-0.1661023199558258,-0.3913314938545227,-0.1667020171880722,-0.0006799390888818588,-0.024719608947634697,-0.3913314938545227,-0.1667020171880722,0.013981873169541359
193,-0.024719608947634697,-0.3913314938545227,-0.1667020171880722,-0.3878977298736572,-0.16700947284698486,-0.0006744338503737699,-0.02473231963813305,-0.3878977298736572,-0.16700947284698486,0.0038840933702886105
194,-0.02473231963813305,-0.3878977298736572,-0.16700947284698486,-0.3903527557849884,-0.16635622084140778,-0.0006757313636003402,-0.024670550599694252,-0.3903527557849884,-0.16635622084140778,0.0036176727153360844
195,-0.024670550599694252,-0.3903527557849884,-0.16635622084140778,-0.39047279953956604,-0.16605615615844727,-0.0006727171821173273,-0.024607554078102112,-0.39047279953956604,-0.16605615615844727,0.0022022484336048365
196,-0.024607554078102112,-0.39047279953956604,-0.16605615615844727,-0.3882836699485779,-0.16591976583003998,-0.0006689532814244767,-0.024608466774225235,-0.3882836699485779,-0.16591976583003998,0.03598665073513985
197,-0.024608466774225235,-0.3882836699485779,-0.16591976583003998,-0.38857805728912354,-0.16568508744239807,-0.0006690579660745953,-0.024599093943834305,-0.38857805728912354,-0.16568508744239807,0.0016968331765383482
198,-0.024599093943834305,-0.38857805728912354,-0.16568508744239807,-0.38939324021339417,-0.16575001180171967,-0.00066886504883469,-0.024568576365709305,-0.38939324021339417,-0.16575001180171967,0.00688530458137393
199,-0.024568576365709305,-0.38939324021339417,-0.16575001180171967,-0.3888075351715088,-0.16585591435432434,-0.0006672158649089265,-0.02455752342939377,-0.3888075351715088,-0.16585591435432434,0.004014584701508284
