,state0,state1,state2,action,reward,state_0,state_1,state_2
0,-0.42767052114701803,0.903934690860926,0.8481498022140046,-1.9994987434566036,-0.412693729875074,-0.4825443923473358,0.8749880194664001,1.226522445678711
1,-0.4825443923473358,0.8749880194664001,1.226522445678711,-1.9999140665461523,-0.4455906411473271,-0.5502963662147522,0.8339540958404541,1.5827327966690063
2,-0.5502963662147522,0.8339540958404541,1.5827327966690063,-1.9948002225435744,-0.4890819681533814,-0.6274650692939758,0.7777903079986572,1.9087179899215698
3,-0.6274650692939758,0.7777903079986572,1.9087179899215698,1.9969121239148888,-0.5425577095795152,-0.7309775948524475,0.6836491823196411,2.795555353164673
4,-0.7309775948524475,0.6836491823196411,2.795555353164673,1.9989686229047146,-0.6489134832020036,-0.842889666557312,0.5426109433174133,3.6055150032043457
5,-0.842889666557312,0.5426109433174133,3.6055150032043457,2.0,-0.7903416377473096,-0.9402392506599426,0.3510768413543701,4.310609817504883
6,-0.9402392506599426,0.3510768413543701,4.310609817504883,1.9990506831214065,-0.9617515507315657,-0.9971357583999634,0.1145862266421318,4.87183952331543
7,-0.9971357583999634,0.1145862266421318,4.87183952331543,2.0,-1.1550973678497747,-0.9921573400497437,-0.14829912781715393,5.255740165710449
8,-0.9921573400497437,-0.14829912781715393,5.255740165710449,1.9998070181873273,-1.1723063141726557,-0.9154381155967712,-0.40946513414382935,5.44290828704834
9,-0.9154381155967712,-0.40946513414382935,5.44290828704834,2.0,-1.0368608413751497,-0.7719636559486389,-0.6396859288215637,5.434787750244141
10,-0.7719636559486389,-0.6396859288215637,5.434787750244141,2.0,-0.895497413550053,-0.5792213082313538,-0.8175129890441895,5.254107475280762
11,-0.5792213082313538,-0.8175129890441895,5.254107475280762,1.9995612492876254,-0.7544016956232367,-0.3609982132911682,-0.933776319026947,4.9398722648620605
12,-0.3609982132911682,-0.933776319026947,4.9398722648620605,1.9992082839542467,-0.6204500868416633,-0.14044241607189178,-0.9906805753707886,4.538660049438477
13,-0.14044241607189178,-0.9906805753707886,4.538660049438477,1.9998740295803359,-0.49950671493278875,0.06504876911640167,-0.9980902671813965,4.095571517944336
14,0.06504876911640167,-0.9980902671813965,4.095571517944336,1.999928004292006,-0.3952230197177803,0.24568071961402893,-0.969153106212616,3.647589921951294
15,0.24568071961402893,-0.969153106212616,3.647589921951294,2.0,-0.3087554012852264,0.3982456922531128,-0.9166194796562195,3.2216062545776367
16,0.3982456922531128,-0.9166194796562195,3.2216062545776367,2.0,-0.23928644111858813,0.5238599181175232,-0.8507082462310791,2.8349947929382324
17,0.5238599181175232,-0.8507082462310791,2.8349947929382324,1.9993887902156098,-0.1847983443149833,0.6258084774017334,-0.7785332798957825,2.497581720352173
18,0.6258084774017334,-0.7785332798957825,2.497581720352173,1.9732602574138596,-0.14277871985922705,0.7079951167106628,-0.7045373320579529,2.210242509841919
19,0.7079951167106628,-0.7045373320579529,2.210242509841919,1.5273116653004897,-0.11047178826162732,0.772800087928772,-0.6331011056900024,1.9112147092819214
20,0.772800087928772,-0.6331011056900024,1.9112147092819214,0.6785196884042299,-0.08384617253341081,0.8198951482772827,-0.5713810324668884,1.5385122299194336
21,0.8198951482772827,-0.5713810324668884,1.5385122299194336,1.8226168419348188,-0.061223646437173526,0.8568020462989807,-0.5140610933303833,1.3840020895004272
22,0.8568020462989807,-0.5140610933303833,1.3840020895004272,0.7431358458096656,-0.04841887498281118,0.8846856951713562,-0.46512874960899353,1.1103837490081787
23,0.8846856951713562,-0.46512874960899353,1.1103837490081787,1.411835341558494,-0.03601457220828145,0.9062368273735046,-0.42173632979393005,0.9738147258758545
24,0.9062368273735046,-0.42173632979393005,0.9738147258758545,0.8384723661420302,-0.028532337570182354,0.9222953915596008,-0.3856651484966278,0.7838732004165649
25,0.9222953915596008,-0.3856651484966278,0.7838732004165649,1.1046766502100027,-0.02196308288664253,0.9346573948860168,-0.35500282049179077,0.6607929468154907
26,0.9346573948860168,-0.35500282049179077,0.6607929468154907,1.0321467173037897,-0.017645945155550853,0.9441801309585571,-0.3290920853614807,0.5498629212379456
27,0.9441801309585571,-0.3290920853614807,0.5498629212379456,1.3011953832913992,-0.01443393468236349,0.9522044062614441,-0.3054504096508026,0.49860045313835144
28,0.9522044062614441,-0.3054504096508026,0.49860045313835144,1.0115085809251025,-0.01221286914243745,0.9584826827049255,-0.28515422344207764,0.42175209522247314
29,0.9584826827049255,-0.28515422344207764,0.42175209522247314,1.3329786560766634,-0.010309288173600224,0.964198648929596,-0.265539288520813,0.4081284701824188
30,0.964198648929596,-0.265539288520813,0.4081284701824188,0.400480983061201,-0.008892795863002631,0.9676387906074524,-0.2522728145122528,0.26981377601623535
31,0.9676387906074524,-0.2522728145122528,0.26981377601623535,1.9676934828157062,-0.0076108434460644015,0.9724605083465576,-0.23433437943458557,0.37556180357933044
32,0.9724605083465576,-0.23433437943458557,0.37556180357933044,-0.02917610547198497,-0.00698660262627344,0.9744681119918823,-0.22431951761245728,0.19662001729011536
33,0.9744681119918823,-0.22431951761245728,0.19662001729011536,1.9681886809010092,-0.005885450202961387,0.9783084392547607,-0.20884232223033905,0.3231475055217743
34,0.9783084392547607,-0.20884232223033905,0.3231475055217743,-0.4715196562636148,-0.005476868106998566,0.9789682030677795,-0.20364801585674286,0.09721814841032028
35,0.9789682030677795,-0.20364801585674286,0.09721814841032028,1.998688892760594,-0.004693021295558103,0.9818714261054993,-0.19203346967697144,0.24351222813129425
36,0.9818714261054993,-0.19203346967697144,0.24351222813129425,-0.3450371887725161,-0.004323039868662276,0.9819284677505493,-0.1891804188489914,0.04913002625107765
37,0.9819284677505493,-0.1891804188489914,0.04913002625107765,1.9985357365617404,-0.004040217931055802,0.98430997133255,-0.1793738752603531,0.2062208205461502
38,0.98430997133255,-0.1793738752603531,0.2062208205461502,-0.4516925443086404,-0.0036836185279538456,0.9839011430740356,-0.17866423726081848,0.005396153312176466
39,0.9839011430740356,-0.17866423726081848,0.005396153312176466,1.9997505698467053,-0.003622060151870063,0.9859154224395752,-0.1706157624721527,0.1704474538564682
40,0.9859154224395752,-0.1706157624721527,0.1704474538564682,-0.21097740908717244,-0.003220467626312714,0.9855756759643555,-0.1695975959300995,0.012181326746940613
41,0.9855756759643555,-0.1695975959300995,0.012181326746940613,1.9989291194307814,-0.0033004522373778168,0.9875208735466003,-0.16083867847919464,0.18400834500789642
42,0.9875208735466003,-0.16083867847919464,0.18400834500789642,-0.8549805753725448,-0.003008954993091872,0.986480176448822,-0.16349244117736816,-0.06322615593671799
43,0.986480176448822,-0.16349244117736816,-0.06322615593671799,1.9989217503823085,-0.003134266452289109,0.9880465865135193,-0.15830938518047333,0.1128273531794548
44,0.9880465865135193,-0.15830938518047333,0.1128273531794548,0.8587964746529673,-0.0027147920983006052,0.9886634349822998,-0.15194064378738403,0.12371749430894852
45,0.9886634349822998,-0.15194064378738403,0.12371749430894852,-0.1690308113781751,-0.0024753125262989835,0.98841792345047,-0.15248094499111176,-0.01482950709760189
46,0.98841792345047,-0.15248094499111176,-0.01482950709760189,1.9985285939694897,-0.0027406640843883287,0.9900608658790588,-0.14438940584659576,0.1697467863559723
47,0.9900608658790588,-0.14438940584659576,0.1697467863559723,-1.2915905428714023,-0.0025443143817773994,0.9884858727455139,-0.15034469962120056,-0.13048021495342255
48,0.9884858727455139,-0.15034469962120056,-0.13048021495342255,1.9994495128084593,-0.0028479518033897944,0.9897173643112183,-0.14804790914058685,0.055276185274124146
49,0.9897173643112183,-0.14804790914058685,0.055276185274124146,1.875978295844517,-0.002577006399850305,0.9909972548484802,-0.1367751806974411,0.22601108253002167
50,0.9909972548484802,-0.1367751806974411,0.22601108253002167,-1.9412720391621034,-0.0027629119101196696,0.9891761541366577,-0.14453227818012238,-0.1658269166946411
51,0.9891761541366577,-0.14453227818012238,-0.1658269166946411,1.999972388852405,-0.0027792764255538784,0.990395188331604,-0.1437501162290573,0.024212704971432686
52,0.990395188331604,-0.1437501162290573,0.024212704971432686,1.972250364210179,-0.002462035079879437,0.991534411907196,-0.13315242528915405,0.21257494390010834
53,0.991534411907196,-0.13315242528915405,0.21257494390010834,-1.9286375241186007,-0.0025999683538358892,0.9896463751792908,-0.14131686091423035,-0.17462195456027985
54,0.9896463751792908,-0.14131686091423035,-0.17462195456027985,2.0,-0.0027168232835245642,0.9908156394958496,-0.14087025821208954,0.017814962193369865
55,0.9908156394958496,-0.14087025821208954,0.017814962193369865,1.9712521661209346,-0.0023761413478632417,0.9918920397758484,-0.13048668205738068,0.2081843763589859
56,0.9918920397758484,-0.13048668205738068,0.2081843763589859,-1.9293627438483791,-0.002510925387616397,0.990010678768158,-0.13877391815185547,-0.17712745070457458
57,0.990010678768158,-0.13877391815185547,-0.17712745070457458,1.9997446857969094,-0.002653660515776206,0.9911665916442871,-0.1383642703294754,0.017170105129480362
58,0.9911665916442871,-0.1383642703294754,0.017170105129480362,1.9551463196835017,-0.0022990541643306958,0.9922057390213013,-0.12803424894809723,0.20700551569461823
59,0.9922057390213013,-0.12803424894809723,0.20700551569461823,-1.9470746578895803,-0.002449117030334489,0.9903362989425659,-0.13642477989196777,-0.17913095653057098
60,0.9903362989425659,-0.13642477989196777,-0.17913095653057098,2.0,-0.002595606359105,0.9914876818656921,-0.13602697849273682,0.01695850118994713
61,0.9914876818656921,-0.13602697849273682,0.01695850118994713,1.9144544687025171,-0.0022186256098863733,0.9924710392951965,-0.1259147822856903,0.20245569944381714
62,0.9924710392951965,-0.1259147822856903,0.20245569944381714,-1.9566000633473317,-0.00238005379077761,0.9905950427055359,-0.13452604413032532,-0.18354041874408722
63,0.9905950427055359,-0.13452604413032532,-0.18354041874408722,1.9999457562872534,-0.0025598082486992966,0.9917278289794922,-0.13428398966789246,0.013954386115074158
64,0.9917278289794922,-0.13428398966789246,0.013954386115074158,1.883931240432073,-0.0021585903543044397,0.9926530718803406,-0.12447714805603027,0.19619031250476837
65,0.9926530718803406,-0.12447714805603027,0.19619031250476837,-1.9608937716784347,-0.002320478704642832,0.9907484650611877,-0.13337543606758118,-0.18938837945461273
66,0.9907484650611877,-0.13337543606758118,-0.18938837945461273,1.9994644620341864,-0.002550591437036279,0.9918546676635742,-0.13339464366436005,0.008886275812983513
67,0.9918546676635742,-0.13339464366436005,0.008886275812983513,1.8562500929088055,-0.002122993731363948,0.9927186965942383,-0.12400753796100616,0.187647745013237
68,0.9927186965942383,-0.12400753796100616,0.187647745013237,-1.962954617969967,-0.0022766200528577104,0.9907498955726624,-0.13331928849220276,-0.19790378212928772
69,0.9907498955726624,-0.13331928849220276,-0.19790378212928772,2.0,-0.0025827330617067793,0.991817831993103,-0.13377034664154053,0.00047989701852202415
70,0.991817831993103,-0.13377034664154053,0.00047989701852202415,1.8620196981418833,-0.0021342493799471015,0.992638885974884,-0.1247725561261177,0.17982572317123413
71,0.992638885974884,-0.1247725561261177,0.17982572317123413,-1.9617410250740226,-0.0022663320601838304,0.9905855059623718,-0.13447679579257965,-0.20611734688282013
72,0.9905855059623718,-0.13447679579257965,-0.20611734688282013,2.0,-0.00264769534818102,0.9916137456893921,-0.13539327681064606,-0.008612226694822311
73,0.9916137456893921,-0.13539327681064606,-0.008612226694822311,1.9071828922553888,-0.002195769180108249,0.9924311637878418,-0.1265786737203598,0.17627666890621185
74,0.9924311637878418,-0.1265786737203598,0.17627666890621185,-1.962655937879438,-0.002299515407338207,0.9902974963188171,-0.13651566207408905,-0.21113643050193787
75,0.9902974963188171,-0.13651566207408905,-0.21113643050193787,2.0,-0.0027247596166229343,0.9912997484207153,-0.13776510953903198,-0.015164515003561974
76,0.9912997484207153,-0.13776510953903198,-0.015164515003561974,1.9241834864789906,-0.002268934016936479,0.9921066164970398,-0.12924155592918396,0.17049331963062286
77,0.9921066164970398,-0.12924155592918396,0.17049331963062286,-1.9553092959151803,-0.002344929341700732,0.9898725152015686,-0.13949207961559296,-0.21780675649642944
78,0.9898725152015686,-0.13949207961559296,-0.21780675649642944,2.0,-0.0028368498407960194,0.9908344745635986,-0.14119479060173035,-0.02407187968492508
79,0.9908344745635986,-0.14119479060173035,-0.02407187968492508,1.9522736427822507,-0.0023795140689692965,0.9916308522224426,-0.1330382227897644,0.16322191059589386
80,0.9916308522224426,-0.1330382227897644,0.16322191059589386,-1.9588778307336636,-0.002422041748920831,0.9892371892929077,-0.14378994703292847,-0.2284444272518158
81,0.9892371892929077,-0.14378994703292847,-0.2284444272518158,2.0,-0.0030081474235775026,0.9901350736618042,-0.14619651436805725,-0.037941839545965195
82,0.9901350736618042,-0.14619651436805725,-0.037941839545965195,1.9724774025846175,-0.002540685609455597,0.9908843636512756,-0.1387697458267212,0.1486314982175827
83,0.9908843636512756,-0.1387697458267212,0.1486314982175827,-1.939300464326786,-0.0025254388483318393,0.9882504343986511,-0.15027017891407013,-0.24438658356666565
84,0.9882504343986511,-0.15027017891407013,-0.24438658356666565,1.9998439964832169,-0.0032775820827489212,0.9890307188034058,-0.15373636782169342,-0.058780550956726074
85,0.9890307188034058,-0.15373636782169342,-0.058780550956726074,1.9903428978011501,-0.002795791920779701,0.9896813631057739,-0.14749661087989807,0.12482237070798874
86,0.9896813631057739,-0.14749661087989807,0.12482237070798874,-1.8882331715128833,-0.002692165755814462,0.9866851568222046,-0.1600557267665863,-0.26707252860069275
87,0.9866851568222046,-0.1600557267665863,-0.26707252860069275,2.0,-0.0037035663705546327,0.987259566783905,-0.1650467962026596,-0.08880072832107544
88,0.987259566783905,-0.1650467962026596,-0.08880072832107544,1.9978240921779498,-0.003207213729078487,0.9877106547355652,-0.1606627255678177,0.08745554834604263
89,0.9877106547355652,-0.1606627255678177,0.08745554834604263,-1.3968900394753507,-0.002860708291917848,0.9848390817642212,-0.17190533876419067,-0.2406836301088333
90,0.9848390817642212,-0.17190533876419067,-0.2406836301088333,2.0,-0.0039687753236332685,0.9853502511978149,-0.17600175738334656,-0.07119015604257584
91,0.9853502511978149,-0.17600175738334656,-0.07119015604257584,1.9965874834148463,-0.003558114495109236,0.9859412312507629,-0.17116908729076385,0.09667878597974777
92,0.9859412312507629,-0.17116908729076385,0.09667878597974777,-1.300329596145514,-0.0032053467547168376,0.9831032156944275,-0.18162676692008972,-0.22486886382102966
93,0.9831032156944275,-0.18162676692008972,-0.22486886382102966,2.0,-0.0042448832066208555,0.9836441278457642,-0.18527618050575256,-0.06261169910430908
94,0.9836441278457642,-0.18527618050575256,-0.06261169910430908,1.9985404555098298,-0.0038885069952968795,0.9843105673789978,-0.18035557866096497,0.09860535711050034
95,0.9843105673789978,-0.18035557866096497,0.09860535711050034,-1.1293960526379925,-0.0034958051857575064,0.9815974831581116,-0.18979954719543457,-0.20423059165477753
96,0.9815974831581116,-0.18979954719543457,-0.20423059165477753,2.0,-0.0044654483526049464,0.9822015762329102,-0.19270339608192444,-0.04802349954843521
97,0.9822015762329102,-0.19270339608192444,-0.04802349954843521,1.9983560346646758,-0.0041589075820101535,0.9829972982406616,-0.1873459666967392,0.1076049953699112
98,0.9829972982406616,-0.1873459666967392,0.1076049953699112,-0.9748932239936424,-0.0037438622060142123,0.9805219769477844,-0.19548246264457703,-0.17734694480895996
99,0.9805219769477844,-0.19548246264457703,-0.17734694480895996,1.9998494419413313,-0.004585541343587266,0.9812720417976379,-0.19723933935165405,-0.025335682556033134
100,0.9812720417976379,-0.19723933935165405,-0.025335682556033134,1.9966328141567704,-0.004322826691532449,0.9822762608528137,-0.19095058739185333,0.12663815915584564
101,0.9822762608528137,-0.19095058739185333,0.12663815915584564,-0.9108484764124533,-0.003915964601698777,0.980069100856781,-0.19783274829387665,-0.15144109725952148
102,0.980069100856781,-0.19783274829387665,-0.15144109725952148,2.0,-0.004593988035282749,0.9810093641281128,-0.19837360084056854,-0.001108365599066019
103,0.9810093641281128,-0.19837360084056854,-0.001108365599066019,1.9972887188460633,-0.004363208288624433,0.9822416305541992,-0.19093303382396698,0.15011321008205414
104,0.9822416305541992,-0.19093303382396698,0.15011321008205414,-0.6099807683806672,-0.003935123971367814,0.980832576751709,-0.19451113045215607,-0.08297483623027802
105,0.980832576751709,-0.19451113045215607,-0.08297483623027802,2.0,-0.004297084102173875,0.9822630882263184,-0.19148829579353333,0.07005134224891663
106,0.9822630882263184,-0.19148829579353333,0.07005134224891663,1.8864589772068865,-0.004097000287018403,0.983955979347229,-0.18107901513576508,0.2098386585712433
107,0.983955979347229,-0.18107901513576508,0.2098386585712433,-1.3062624371618985,-0.0039122546224183265,0.9822165369987488,-0.18650808930397034,-0.120097815990448
108,0.9822165369987488,-0.18650808930397034,-0.120097815990448,1.9999752995879796,-0.004061583964319144,0.9835401177406311,-0.18503965437412262,0.03866732120513916
109,0.9835401177406311,-0.18503965437412262,0.03866732120513916,1.9921152471074755,-0.003855468816318433,0.9850713014602661,-0.17516924440860748,0.19909372925758362
110,0.9850713014602661,-0.17516924440860748,0.19909372925758362,-0.9548653912819814,-0.003573768331379884,0.9838510751724243,-0.1783227026462555,-0.07380703836679459
111,0.9838510751724243,-0.1783227026462555,-0.07380703836679459,2.0,-0.0036657556727719685,0.9854180812835693,-0.1742328405380249,0.09125057607889175
112,0.9854180812835693,-0.1742328405380249,0.09125057607889175,1.7166587767670816,-0.003428056376566401,0.9869691133499146,-0.1633351594209671,0.2185416966676712
113,0.9869691133499146,-0.1633351594209671,0.2185416966676712,-1.4710335354124418,-0.0033755838838192354,0.9853855967521667,-0.16896584630012512,-0.12284895777702332
114,0.9853855967521667,-0.16896584630012512,-0.12284895777702332,1.9999843046306855,-0.003432049462595213,0.9867342114448547,-0.16696584224700928,0.04901959002017975
115,0.9867342114448547,-0.16696584224700928,0.04901959002017975,1.9766840254671958,-0.0032121114293464765,0.9882190227508545,-0.15600013732910156,0.22066490352153778
116,0.9882190227508545,-0.15600013732910156,0.22066490352153778,-1.6112423919955665,-0.003189657653287719,0.9864894151687622,-0.16224388778209686,-0.13610495626926422
117,0.9864894151687622,-0.16224388778209686,-0.13610495626926422,1.9997997075854868,-0.0032401137697830053,0.9877878427505493,-0.1606510430574417,0.04072744771838188
118,0.9877878427505493,-0.1606510430574417,0.04072744771838188,1.9837245454382515,-0.00299762599245955,0.9891747832298279,-0.14980126917362213,0.21815378963947296
119,0.9891747832298279,-0.14980126917362213,0.21815378963947296,-1.6466302372210755,-0.0029984184026216523,0.9874672889709473,-0.15620678663253784,-0.1392713040113449
120,0.9874672889709473,-0.15620678663253784,-0.1392713040113449,1.9998742635228102,-0.003053745377134685,0.9887524247169495,-0.15454578399658203,0.042082060128450394
121,0.9887524247169495,-0.15454578399658203,0.042082060128450394,1.9754680823862558,-0.0028008094580301676,0.9900950193405151,-0.14345403015613556,0.22284266352653503
122,0.9900950193405151,-0.14345403015613556,0.22284266352653503,-1.7831469600119778,-0.0028781298592168254,0.9883379936218262,-0.1504160463809967,-0.15027329325675964
123,0.9883379936218262,-0.1504160463809967,-0.15027329325675964,2.0,-0.0029056765696835567,0.9895952939987183,-0.1490810364484787,0.035401664674282074
124,0.9895952939987183,-0.1490810364484787,0.035401664674282074,1.975239848661595,-0.002627715461445628,0.990850567817688,-0.13811171054840088,0.2202194333076477
125,0.990850567817688,-0.13811171054840088,0.2202194333076477,-1.833518250957885,-0.002732969439542195,0.9890857338905334,-0.1453825831413269,-0.15644098818302155
126,0.9890857338905334,-0.1453825831413269,-0.15644098818302155,1.999363133135508,-0.002773704774588308,0.9903202056884766,-0.14417387545108795,0.032892048358917236
127,0.9903202056884766,-0.14417387545108795,0.032892048358917236,1.9719491624487075,-0.002479395121423173,0.9915176630020142,-0.13316459953784943,0.22089040279388428
128,0.9915176630020142,-0.13316459953784943,0.22089040279388428,-1.8728494815148833,-0.0026153371825043577,0.989788293838501,-0.14051885902881622,-0.15795831382274628
129,0.989788293838501,-0.14051885902881622,-0.15795831382274628,2.0,-0.002637991252071529,0.9910225868225098,-0.1391972452402115,0.035104215145111084
130,0.9910225868225098,-0.1391972452402115,0.035104215145111084,1.938619964163725,-0.002325727622311451,0.9921625852584839,-0.1281300187110901,0.2218405306339264
131,0.9921625852584839,-0.1281300187110901,0.2218405306339264,-1.9380545295071319,-0.0025121041819343957,0.9904438257217407,-0.1357467770576477,-0.1630188524723053
132,0.9904438257217407,-0.1357467770576477,-0.1630188524723053,1.9994699798721767,-0.002520790264104873,0.9916673898696899,-0.134501650929451,0.03352337330579758
133,0.9916673898696899,-0.134501650929451,0.03352337330579758,1.8618874195265955,-0.0021659884449763173,0.992691695690155,-0.12389259040355682,0.21229341626167297
134,0.992691695690155,-0.12389259040355682,0.21229341626167297,-1.9608452262478913,-0.0023720882872898933,0.9909465909004211,-0.13199937343597412,-0.17284348607063293
135,0.9909465909004211,-0.13199937343597412,-0.17284348607063293,2.0,-0.0024531095105424323,0.9921282529830933,-0.1311132162809372,0.026565805077552795
136,0.9921282529830933,-0.1311132162809372,0.026565805077552795,1.7902593080676323,-0.002044894200116154,0.993023157119751,-0.12124305963516235,0.197158083319664
137,0.993023157119751,-0.12124305963516235,0.197158083319664,-1.962937144798601,-0.0022454399007114548,0.9912053346633911,-0.130011186003685,-0.18634569644927979
138,0.9912053346633911,-0.130011186003685,-0.18634569644927979,2.0,-0.0024497298025061938,0.9923253655433655,-0.12974579632282257,0.014530608430504799
139,0.9923253655433655,-0.12974579632282257,0.014530608430504799,1.8036428838299203,-0.0020085848919544893,0.9931523203849792,-0.12032396346330643,0.1881520301103592
140,0.9931523203849792,-0.12032396346330643,0.1881520301103592,-1.9704406021670056,-0.0021911277668900074,0.9912590980529785,-0.12954531610012054,-0.1957859843969345
141,0.9912590980529785,-0.12954531610012054,-0.1957859843969345,1.999479722720434,-0.0024738688281631897,0.9923390746116638,-0.1297512948513031,0.005346521269530058
142,0.9923390746116638,-0.1297512948513031,0.005346521269530058,1.6747922626421912,-0.0019618628406009595,0.9929957985877991,-0.12172682583332062,0.1596934050321579
143,0.9929957985877991,-0.12172682583332062,0.1596934050321579,-1.9627732453694036,-0.002122852350563957,0.9908677935600281,-0.13232813775539398,-0.22421790659427643
144,0.9908677935600281,-0.13232813775539398,-0.22421790659427643,1.9989767744829248,-0.0026682695613880008,0.9918124079704285,-0.13410522043704987,-0.025286022573709488
145,0.9918124079704285,-0.13410522043704987,-0.025286022573709488,1.936492927295497,-0.0021773362090522887,0.9925501346588135,-0.12585514783859253,0.1649535894393921
146,0.9925501346588135,-0.12585514783859253,0.1649535894393921,-1.9689154470722476,-0.0022446367591963867,0.9903104305267334,-0.13635098934173584,-0.22284601628780365
147,0.9903104305267334,-0.13635098934173584,-0.22284601628780365,2.0,-0.0027716916822804866,0.9912579655647278,-0.13819657266139984,-0.02676921710371971
148,0.9912579655647278,-0.13819657266139984,-0.02676921710371971,1.952266356384593,-0.0022963968597659616,0.9920222759246826,-0.13005992770195007,0.16276811063289642
149,0.9920222759246826,-0.13005992770195007,0.16276811063289642,-1.9525765418040033,-0.0023392179738796976,0.9896959066390991,-0.14068451523780823,-0.22572436928749084
150,0.9896959066390991,-0.14068451523780823,-0.22572436928749084,2.0,-0.002906242596713043,0.9906139373779297,-0.142838716506958,-0.032893866300582886
151,0.9906139373779297,-0.142838716506958,-0.032893866300582886,1.9758940064323516,-0.00244067917722295,0.9913855791091919,-0.1350095421075821,0.1567034274339676
152,0.9913855791091919,-0.1350095421075821,0.1567034274339676,-1.902969290199706,-0.0024325907970074233,0.9889668226242065,-0.1457299441099167,-0.22805152833461761
153,0.9889668226242065,-0.1457299441099167,-0.22805152833461761,1.9996266216436362,-0.0030632315415324947,0.9898412227630615,-0.14819684624671936,-0.03905386105179787
154,0.9898412227630615,-0.14819684624671936,-0.03905386105179787,1.9911574320142595,-0.002608357007070656,0.9906113147735596,-0.14076495170593262,0.1488158255815506
155,0.9906113147735596,-0.14076495170593262,0.1488158255815506,-1.7357751560726633,-0.0025073674873665503,0.9882484674453735,-0.15084178745746613,-0.2151934802532196
156,0.9882484674453735,-0.15084178745746613,-0.2151934802532196,2.0,-0.003159694216602205,0.9891247153282166,-0.15285052359104156,-0.029934130609035492
157,0.9891247153282166,-0.15285052359104156,-0.029934130609035492,1.9946974736463414,-0.0027452130313897617,0.9899796843528748,-0.1451181024312973,0.15498073399066925
158,0.9899796843528748,-0.1451181024312973,0.15498073399066925,-1.4920594068269946,-0.0025731058676075726,0.9879601001739502,-0.1532743275165558,-0.17579111456871033
159,0.9879601001739502,-0.1532743275165558,-0.17579111456871033,2.0,-0.003078974028128439,0.9889864921569824,-0.15337786078453064,0.007741925772279501
160,0.9889864921569824,-0.15337786078453064,0.007741925772279501,1.970270818506436,-0.002744432000838732,0.9900786280632019,-0.14397840201854706,0.18860402703285217
161,0.9900786280632019,-0.14397840201854706,0.18860402703285217,-1.762505852478389,-0.0027443094068841578,0.9880083203315735,-0.15245458483695984,-0.18182078003883362
162,0.9880083203315735,-0.15245458483695984,-0.18182078003883362,2.0,-0.0030748270461114996,0.9890819191932678,-0.15281139314174652,0.0022816876880824566
163,0.9890819191932678,-0.15281139314174652,0.0022816876880824566,1.9820016184704181,-0.0027308539582403127,0.9901456832885742,-0.14357540011405945,0.1853233426809311
164,0.9901456832885742,-0.14357540011405945,0.1853233426809311,-1.6493162910046004,-0.0026816105024092874,0.988218367099762,-0.1513650268316269,-0.1678457409143448
165,0.988218367099762,-0.1513650268316269,-0.1678457409143448,2.0,-0.002991993350433856,0.9893381595611572,-0.15098048746585846,0.01710609905421734
166,0.9893381595611572,-0.15098048746585846,0.01710609905421734,1.9599276789079603,-0.0026691956253105803,0.9904687404632568,-0.14110101759433746,0.19821396470069885
167,0.9904687404632568,-0.14110101759433746,0.19821396470069885,-1.7558788374306677,-0.0026966725072144174,0.9885578751564026,-0.14896808564662933,-0.16906845569610596
168,0.9885578751564026,-0.14896808564662933,-0.16906845569610596,2.0,-0.002922900812169239,0.9897031784057617,-0.1485448181629181,0.01766384392976761
169,0.9897031784057617,-0.1485448181629181,0.01766384392976761,1.950422316542411,-0.0025920045261278507,0.9908117055892944,-0.13861368596553802,0.19917261600494385
170,0.9908117055892944,-0.13861368596553802,0.19917261600494385,-1.7764383959014471,-0.002637648261680878,0.988926887512207,-0.14650002121925354,-0.169330894947052
171,0.988926887512207,-0.14650002121925354,-0.169330894947052,2.0,-0.0028498778373919073,0.9900770783424377,-0.14599627256393433,0.019246123731136322
172,0.9900770783424377,-0.14599627256393433,0.019246123731136322,1.91402583491753,-0.002502789550082673,0.991142213344574,-0.13615405559539795,0.19721710681915283
173,0.991142213344574,-0.13615405559539795,0.19721710681915283,-1.8265733104962842,-0.002579907860729703,0.9892187118530273,-0.14442242681980133,-0.17697015404701233
174,0.9892187118530273,-0.14442242681980133,-0.17697015404701233,2.0,-0.0028153831142980782,0.9903438687324524,-0.1442263424396515,0.013145722448825836
175,0.9903438687324524,-0.1442263424396515,0.013145722448825836,1.8672196331448032,-0.0024311365709934135,0.9913109540939331,-0.13495950400829315,0.18544067442417145
176,0.9913109540939331,-0.13495950400829315,0.18544067442417145,-1.8431127442995872,-0.0025081280024055546,0.9892860651016235,-0.14388132095336914,-0.19035381078720093
177,0.9892860651016235,-0.14388132095336914,-0.19035381078720093,1.998533422747986,-0.0028488516777752755,0.9903443455696106,-0.1443600356578827,-7.40797258913517e-05
178,0.9903443455696106,-0.1443600356578827,-7.40797258913517e-05,1.9074815974361798,-0.00244817680585295,0.9912673830986023,-0.135460764169693,0.1781453937292099
179,0.9912673830986023,-0.135460764169693,0.1781453937292099,-1.7949190365444172,-0.0024774319366210767,0.9892247915267944,-0.1443910151720047,-0.19078916311264038
180,0.9892247915267944,-0.1443910151720047,-0.19078916311264038,2.0,-0.0028661421024864576,0.9902669191360474,-0.14490604400634766,-0.0006686118431389332
181,0.9902669191360474,-0.14490604400634766,-0.0006686118431389332,1.9206209333507194,-0.002469125736577606,0.9912016987800598,-0.1359611600637436,0.17910873889923096
182,0.9912016987800598,-0.1359611600637436,0.17910873889923096,-1.714794336396194,-0.0024664223644035874,0.9892727136611938,-0.14427441358566284,-0.17819492518901825
183,0.9892727136611938,-0.14427441358566284,-0.17819492518901825,2.0,-0.002815806702726711,0.9903568029403687,-0.144149050116539,0.012040451169013977
184,0.9903568029403687,-0.144149050116539,0.012040451169013977,1.8968882319723435,-0.0024397496807132047,0.9913461804389954,-0.13471820950508118,0.18883171677589417
185,0.9913461804389954,-0.13471820950508118,0.18883171677589417,-1.5827506629824715,-0.0024250663833634964,0.989722490310669,-0.14155659079551697,-0.14778360724449158
186,0.989722490310669,-0.14155659079551697,-0.14778360724449158,2.0,-0.002636863898725133,0.9909248948097229,-0.1397888958454132,0.04455162584781647
187,0.9909248948097229,-0.1397888958454132,0.04455162584781647,1.6372643514598948,-0.0022423572033309744,0.9918432235717773,-0.1304686963558197,0.18575820326805115
188,0.9918432235717773,-0.1304686963558197,0.18575820326805115,-1.1926327076304892,-0.002192470193615812,0.9908334612846375,-0.13449615240097046,-0.08942031115293503
189,0.9908334612846375,-0.13449615240097046,-0.08942031115293503,1.9994678483939932,-0.0022993050530882063,0.9922007918357849,-0.12951673567295074,0.10829733312129974
190,0.9922007918357849,-0.12951673567295074,0.10829733312129974,0.4800272671256728,-0.001817759280780978,0.9923756122589111,-0.12506940960884094,0.08410153537988663
191,0.9923756122589111,-0.12506940960884094,0.08410153537988663,0.9876880556029197,-0.0017361629965925239,0.9932731986045837,-0.1182333305478096,0.13840173184871674
192,0.9932731986045837,-0.1182333305478096,0.13840173184871674,0.055642050966646255,-0.001591582083929789,0.9935134649276733,-0.115146204829216,0.0587163120508194
193,0.9935134649276733,-0.115146204829216,0.0587163120508194,1.5497402230348396,-0.0016032889113064177,0.9947670102119446,-0.10515826940536499,0.2043086737394333
194,0.9947670102119446,-0.10515826940536499,0.2043086737394333,-0.8590394388966811,-0.0015977071380601966,0.9945173859596252,-0.10493203997612,-0.0020945188589394093
195,0.9945173859596252,-0.10493203997612,-0.0020945188589394093,1.9802175461588603,-0.0014961072596492964,0.9958922266960144,-0.09453076869249344,0.21512435376644135
196,0.9958922266960144,-0.09453076869249344,0.21512435376644135,-0.8389001785687147,-0.0014268794067750945,0.9957038760185242,-0.09317649900913239,0.019844813272356987
197,0.9957038760185242,-0.09317649900913239,0.019844813272356987,1.955069562190043,-0.0012557978093959833,0.9969720840454102,-0.08139406889677048,0.2421460896730423
198,0.9969720840454102,-0.08139406889677048,0.2421460896730423,-1.0811038593221474,-0.001366677963625887,0.9968296885490417,-0.0800187960267067,0.020456671714782715
199,0.9968296885490417,-0.0800187960267067,0.020456671714782715,1.9658426664705382,-0.001031579980996088,0.9979536533355713,-0.06761891394853592,0.2541450560092926
